   6
   1   4   2   5   4   3
   2   4   3   6   5   1
   3   4   1   4   6   2
   4   4   1   5   6   3
   5   4   2   6   4   1
   6   4   3   4   5   2
   6
   1   4   1   2   3   4
   2   4   5   6   1   4
   3   4   3   7   5   4
   4   4   2   8   7   3
   5   4   6   8   2   1
   6   4   7   8   6   5
   8
   1   3   1   2   5
   2   3   1   5   4
   3   3   1   4   3
   4   3   1   3   2
   5   3   2   3   6
   6   3   2   6   5
   7   3   3   4   6
   8   3   4   5   6
   6
   1 -7.07106781207082e-01 -4.08248290463961e-01  5.77350269164406e-01
   2  3.17364358756765e-11  8.16496580933508e-01  5.77350269164406e-01
   3  7.07106781123924e-01 -4.08248290463961e-01  5.77350269164406e-01
   4 -4.92129780235196e-12 -8.16496580915674e-01 -5.77350269168009e-01
   5 -7.07106781115438e-01  4.08248290513541e-01 -5.77350269168009e-01
   6  7.07106781171781e-01  4.08248290396548e-01 -5.77350269157201e-01
