   8
   1   4   2   6   5   4
   2   4   3   7   6   1
   3   4   4   8   7   2
   4   4   1   5   8   3
   5   4   1   6   8   4
   6   4   2   7   5   1
   7   4   3   8   6   2
   8   4   4   5   7   3
   8
   1   4   1   2   3   4
   2   4   5   6   1   4
   3   4   7   8   5   4
   4   4   3   9   7   4
   5   4   2  10   9   3
   6   4   6  10   2   1
   7   4   8  10   6   5
   8   4   9  10   8   7
  10
   1   3   1   2   6
   2   3   1   6   5
   3   3   1   5   4
   4   4   1   4   3   2
   5   3   2   3   7
   6   3   2   7   6
   7   3   3   4   8
   8   3   3   8   7
   9   3   4   5   8
  10   4   5   6   7   8
   8
   1 -6.07781262082271e-01 -6.07781262067567e-01  5.11081084502927e-01
   2 -6.07781262027696e-01  6.07781262125884e-01  5.11081084502927e-01
   3  6.07781262056614e-01  6.07781262016739e-01  5.11081084502927e-01
   4  6.07781262002035e-01 -6.07781262067567e-01  5.11081084502927e-01
   5 -8.60902066705927e-12 -8.59532503738472e-01 -5.11081084508867e-01
   6 -8.59532503703283e-01  7.19719364002703e-11 -5.11081084508867e-01
   7  6.85706768713028e-11  8.59532503727236e-01 -5.11081084504992e-01
   8  8.59532503694639e-01 -6.82249907909374e-11 -5.11081084488982e-01
