  10
   1   4   2   7   6   5
   2   4   3   8   7   1
   3   4   4   9   8   2
   4   4   5  10   9   3
   5   4   1   6  10   4
   6   4   1   7  10   5
   7   4   2   8   6   1
   8   4   3   9   7   2
   9   4   4  10   8   3
  10   4   5   6   9   4
  10
   1   4   1   2   3   4
   2   4   5   6   1   4
   3   4   7   8   5   4
   4   4   9  10   7   4
   5   4   3  11   9   4
   6   4   2  12  11   3
   7   4   6  12   2   1
   8   4   8  12   6   5
   9   4  10  12   8   7
  10   4  11  12  10   9
  12
   1   3   1   2   7
   2   3   1   7   6
   3   3   1   6   5
   4   5   1   5   4   3   2
   5   3   2   3   8
   6   3   2   8   7
   7   3   3   4   9
   8   3   3   9   8
   9   3   4   5  10
  10   3   4  10   9
  11   3   5   6  10
  12   5   6   7   8   9  10
  10
   1 -5.25731112132344e-01 -7.23606797754912e-01  4.47213595473526e-01
   2 -8.50650808336613e-01  2.76393202340268e-01  4.47213595473526e-01
   3  4.29649456012758e-11  8.94427190970124e-01  4.47213595473526e-01
   4  8.50650808311554e-01  2.76393202187503e-01  4.47213595473526e-01
   5  5.25731112057646e-01 -7.23606797754912e-01  4.47213595473526e-01
   6 -1.00939074433604e-11 -8.94427190961642e-01 -4.47213595480514e-01
   7 -8.50650808296788e-01 -2.76393202165862e-01 -4.47213595480514e-01
   8 -5.25731112000817e-01  7.23606797735226e-01 -4.47213595492425e-01
   9  5.25731112160332e-01  7.23606797691579e-01 -4.47213595452447e-01
  10  8.50650808204158e-01 -2.76393202287373e-01 -4.47213595461731e-01
