  12
   1   4   2   8   7   6
   2   4   3   9   8   1
   3   4   4  10   9   2
   4   4   5  11  10   3
   5   4   6  12  11   4
   6   4   1   7  12   5
   7   4   1   8  12   6
   8   4   2   9   7   1
   9   4   3  10   8   2
  10   4   4  11   9   3
  11   4   5  12  10   4
  12   4   6   7  11   5
  12
   1   4   1   2   3   4
   2   4   5   6   1   4
   3   4   7   8   5   4
   4   4   9  10   7   4
   5   4  11  12   9   4
   6   4   3  13  11   4
   7   4   2  14  13   3
   8   4   6  14   2   1
   9   4   8  14   6   5
  10   4  10  14   8   7
  11   4  12  14  10   9
  12   4  13  14  12  11
  14
   1   3   1   2   8
   2   3   1   8   7
   3   3   1   7   6
   4   6   1   6   5   4   3   2
   5   3   2   3   9
   6   3   2   9   8
   7   3   3   4  10
   8   3   3  10   9
   9   3   4   5  11
  10   3   4  11  10
  11   3   5   6  12
  12   3   5  12  11
  13   3   6   7  12
  14   6   7   8   9  10  11  12
  12
   1 -4.59700843386913e-01 -7.96225216998373e-01  3.93319893154250e-01
   2 -9.19401686757870e-01  1.12461764205915e-10  3.93319893154250e-01
   3 -4.59700843315417e-01  7.96225217016911e-01  3.93319893154250e-01
   4  4.59700843378830e-01  7.96225216934348e-01  3.93319893154250e-01
   5  9.19401686678294e-01 -5.26499188023367e-11  3.93319893154250e-01
   6  4.59700843307338e-01 -7.96225216998373e-01  3.93319893154250e-01
   7 -1.59556096395092e-11 -9.19401686689887e-01 -3.93319893165315e-01
   8 -7.96225216961678e-01 -4.59700843271267e-01 -3.93319893165315e-01
   9 -7.96225216843109e-01  4.59700843400213e-01 -3.93319893192307e-01
  10  6.66001808275708e-11  9.19401686785079e-01 -3.93319893136300e-01
  11  7.96225216868338e-01  4.59700843215036e-01 -3.93319893153869e-01
  12  7.96225216981544e-01 -4.59700843453501e-01 -3.93319893112391e-01
