  14
   1   4   2   9   8   7
   2   4   3  10   9   1
   3   4   4  11  10   2
   4   4   5  12  11   3
   5   4   6  13  12   4
   6   4   7  14  13   5
   7   4   1   8  14   6
   8   4   7   1   9  14
   9   4   1   2  10   8
  10   4   2   3  11   9
  11   4   3   4  12  10
  12   4   4   5  13  11
  13   4   5   6  14  12
  14   4   6   7   8  13
  14
   1   4   1   2   3   4
   2   4   5   6   1   4
   3   4   7   8   5   4
   4   4   9  10   7   4
   5   4  11  12   9   4
   6   4  13  14  11   4
   7   4   3  15  13   4
   8   4   3   2  16  15
   9   4   1   6  16   2
  10   4   5   8  16   6
  11   4   7  10  16   8
  12   4   9  12  16  10
  13   4  11  14  16  12
  14   4  13  15  16  14
  16
   1   3   1   2   9
   2   3   1   9   8
   3   3   1   8   7
   4   7   1   7   6   5   4   3   2
   5   3   2   3  10
   6   3   2  10   9
   7   3   3   4  11
   8   3   3  11  10
   9   3   4   5  12
  10   3   4  12  11
  11   3   5   6  13
  12   3   5  13  12
  13   3   6   7  14
  14   3   6  14  13
  15   3   7   8  14
  16   7   8   9  10  11  12  13  14
  14
   1 -4.06594196150436e-01 -8.44301548016136e-01  3.49050219211971e-01
   2 -9.13608865753605e-01 -2.08525261636951e-01  3.49050219211971e-01
   3 -7.32657425128990e-01  5.84274799793545e-01  3.49050219211971e-01
   4  5.20006538007797e-11  9.37104019948963e-01  3.49050219211971e-01
   5  7.32657425169627e-01  5.84274799661971e-01  3.49050219211971e-01
   6  9.13608865651865e-01 -2.08525261801023e-01  3.49050219211971e-01
   7  4.06594196086147e-01 -8.44301548016136e-01  3.49050219211971e-01
   8 -1.10661414256102e-11 -9.37104019956250e-01 -3.49050219221608e-01
   9 -7.32657425151774e-01 -5.84274799658141e-01 -3.49050219221608e-01
  10 -9.13608865518476e-01  2.08525261810491e-01 -3.49050219261360e-01
  11 -4.06594196112141e-01  8.44301548125794e-01 -3.49050219195331e-01
  12  4.06594196102809e-01  8.44301547754883e-01 -3.49050219219200e-01
  13  9.13608865801338e-01  2.08525261673867e-01 -3.49050219165958e-01
  14  7.32657424962703e-01 -5.84274799684879e-01 -3.49050219198736e-01
