  16
   1   4   2  10   9   8
   2   4   3  11  10   1
   3   4   4  12  11   2
   4   4   5  13  12   3
   5   4   6  14  13   4
   6   4   7  15  14   5
   7   4   8  16  15   6
   8   4   1   9  16   7
   9   4   1  10  16   8
  10   4   2  11   9   1
  11   4   3  12  10   2
  12   4   4  13  11   3
  13   4   5  14  12   4
  14   4   6  15  13   5
  15   4   7  16  14   6
  16   4   8   9  15   7
  16
   1   4   1   2   3   4
   2   4   5   6   1   4
   3   4   7   8   5   4
   4   4   9  10   7   4
   5   4  11  12   9   4
   6   4  13  14  11   4
   7   4  15  16  13   4
   8   4   3  17  15   4
   9   4   2  18  17   3
  10   4   6  18   2   1
  11   4   8  18   6   5
  12   4  10  18   8   7
  13   4  12  18  10   9
  14   4  14  18  12  11
  15   4  16  18  14  13
  16   4  17  18  16  15
  18
   1   3   1   2  10
   2   3   1  10   9
   3   3   1   9   8
   4   8   1   8   7   6   5   4   3   2
   5   3   2   3  11
   6   3   2  11  10
   7   3   3   4  12
   8   3   3  12  11
   9   3   4   5  13
  10   3   4  13  12
  11   3   5   6  14
  12   3   5  14  13
  13   3   6   7  15
  14   3   6  15  14
  15   3   7   8  16
  16   3   7  16  15
  17   3   8   9  16
  18   8   9  10  11  12  13  14  15  16
  16
   1 -3.63491342243674e-01 -8.77545728212185e-01  3.12709991378293e-01
   2 -8.77545728277338e-01 -3.63491342109282e-01  3.12709991378293e-01
   3 -8.77545728179421e-01  3.63491342308261e-01  3.12709991378293e-01
   4 -3.63491342164876e-01  8.77545728207416e-01  3.12709991378293e-01
   5  3.63491342252670e-01  8.77545728142133e-01  3.12709991378293e-01
   6  8.77545728174900e-01  3.63491342150666e-01  3.12709991378293e-01
   7  8.77545728142258e-01 -3.63491342266878e-01  3.12709991378293e-01
   8  3.63491342173872e-01 -8.77545728212185e-01  3.12709991378293e-01
   9 -1.60567043259204e-11 -9.49848651560057e-01 -3.12709991391998e-01
  10 -6.71644422642917e-01 -6.71644422553940e-01 -3.12709991391998e-01
  11 -9.49848651396985e-01  1.28072838734187e-10 -3.12709991442182e-01
  12 -6.71644422716019e-01  6.71644422839836e-01 -3.12709991369975e-01
  13  6.92335808477141e-11  9.49848651342410e-01 -3.12709991399055e-01
  14  6.71644422792968e-01  6.71644422692055e-01 -3.12709991337491e-01
  15  9.49848651325669e-01 -8.01931249831506e-11 -3.12709991374587e-01
  16  6.71644422705716e-01 -6.71644422816129e-01 -3.12709991319062e-01
