  18
   1   4   2  11  10   9
   2   4   3  12  11   1
   3   4   4  13  12   2
   4   4   5  14  13   3
   5   4   6  15  14   4
   6   4   7  16  15   5
   7   4   8  17  16   6
   8   4   9  18  17   7
   9   4   1  10  18   8
  10   4   9   1  11  18
  11   4   1   2  12  10
  12   4   2   3  13  11
  13   4   3   4  14  12
  14   4   4   5  15  13
  15   4   5   6  16  14
  16   4   6   7  17  15
  17   4   7   8  18  16
  18   4   8   9  10  17
  18
   1   4   1   2   3   4
   2   4   5   6   1   4
   3   4   7   8   5   4
   4   4   9  10   7   4
   5   4  11  12   9   4
   6   4  13  14  11   4
   7   4  15  16  13   4
   8   4  17  18  15   4
   9   4   3  19  17   4
  10   4   3   2  20  19
  11   4   1   6  20   2
  12   4   5   8  20   6
  13   4   7  10  20   8
  14   4   9  12  20  10
  15   4  11  14  20  12
  16   4  13  16  20  14
  17   4  15  18  20  16
  18   4  17  19  20  18
  20
   1   3   1   2  11
   2   3   1  11  10
   3   3   1  10   9
   4   9   1   9   8   7   6   5   4   3   2
   5   3   2   3  12
   6   3   2  12  11
   7   3   3   4  13
   8   3   3  13  12
   9   3   4   5  14
  10   3   4  14  13
  11   3   5   6  15
  12   3   5  15  14
  13   3   6   7  16
  14   3   6  16  15
  15   3   7   8  17
  16   3   7  17  16
  17   3   8   9  18
  18   3   8  18  17
  19   3   9  10  18
  20   9  10  11  12  13  14  15  16  17  18
  18
   1 -3.28074183544054e-01 -9.01376411181717e-01  2.82644467638545e-01
   2 -8.30712994066342e-01 -4.79612370597259e-01  2.82644467638545e-01
   3 -9.44651962190615e-01  1.66567628399720e-01  2.82644467638545e-01
   4 -6.16577778605744e-01  7.34808782863284e-01  2.82644467638545e-01
   5  5.89161868251855e-11  9.59224741337526e-01  2.82644467638545e-01
   6  6.16577778683275e-01  7.34808782752553e-01  2.82644467638545e-01
   7  9.44651962166099e-01  1.66567628230073e-01  2.82644467638545e-01
   8  8.30712993925776e-01 -4.79612370746444e-01  2.82644467638545e-01
   9  3.28074183489623e-01 -9.01376411181717e-01  2.82644467638545e-01
  10 -1.02077002329219e-11 -9.59224741353626e-01 -2.82644467650196e-01
  11 -6.16577778661649e-01 -7.34808782758794e-01 -2.82644467650196e-01
  12 -9.44651961962350e-01 -1.66567628150237e-01 -2.82644467708849e-01
  13 -8.30712994128851e-01  4.79612370880939e-01 -2.82644467632826e-01
  14 -3.28074183351013e-01  9.01376410882483e-01 -2.82644467666391e-01
  15  3.28074183665425e-01  9.01376411292747e-01 -2.82644467599015e-01
  16  8.30712993733583e-01  4.79612370445965e-01 -2.82644467639466e-01
  17  9.44651962374971e-01 -1.66567628442059e-01 -2.82644467577575e-01
  18  6.16577778423158e-01 -7.34808782673433e-01 -2.82644467622393e-01
