  20
   1   4   2  12  11  10
   2   4   3  13  12   1
   3   4   4  14  13   2
   4   4   5  15  14   3
   5   4   6  16  15   4
   6   4   7  17  16   5
   7   4   8  18  17   6
   8   4   9  19  18   7
   9   4  10  20  19   8
  10   4   1  11  20   9
  11   4   1  12  20  10
  12   4   2  13  11   1
  13   4   3  14  12   2
  14   4   4  15  13   3
  15   4   5  16  14   4
  16   4   6  17  15   5
  17   4   7  18  16   6
  18   4   8  19  17   7
  19   4   9  20  18   8
  20   4  10  11  19   9
  20
   1   4   1   2   3   4
   2   4   5   6   1   4
   3   4   7   8   5   4
   4   4   9  10   7   4
   5   4  11  12   9   4
   6   4  13  14  11   4
   7   4  15  16  13   4
   8   4  17  18  15   4
   9   4  19  20  17   4
  10   4   3  21  19   4
  11   4   2  22  21   3
  12   4   6  22   2   1
  13   4   8  22   6   5
  14   4  10  22   8   7
  15   4  12  22  10   9
  16   4  14  22  12  11
  17   4  16  22  14  13
  18   4  18  22  16  15
  19   4  20  22  18  17
  20   4  21  22  20  19
  22
   1   3   1   2  12
   2   3   1  12  11
   3   3   1  11  10
   4  10   1  10   9   8   7   6   5   4   3   2
   5   3   2   3  13
   6   3   2  13  12
   7   3   3   4  14
   8   3   3  14  13
   9   3   4   5  15
  10   3   4  15  14
  11   3   5   6  16
  12   3   5  16  15
  13   3   6   7  17
  14   3   6  17  16
  15   3   7   8  18
  16   3   7  18  17
  17   3   8   9  19
  18   3   8  19  18
  19   3   9  10  20
  20   3   9  20  19
  21   3  10  11  20
  22  10  11  12  13  14  15  16  17  18  19  20
  20
   1 -2.98595750033422e-01 -9.18983224106594e-01  2.57508080160383e-01
   2 -7.81733822543418e-01 -5.67962867476518e-01  2.57508080160383e-01
   3 -9.66276144860158e-01  1.07454697950135e-10  2.57508080160383e-01
   4 -7.81733822390420e-01  5.67962867641709e-01  2.57508080160383e-01
   5 -2.98595749950903e-01  9.18983224088013e-01  2.57508080160383e-01
   6  2.98595750055807e-01  9.18983224034391e-01  2.57508080160383e-01
   7  7.81733822432282e-01  5.67962867501321e-01  2.57508080160383e-01
   8  9.66276144800023e-01 -6.60772108108316e-11  2.57508080160383e-01
   9  7.81733822381282e-01 -5.67962867616907e-01  2.57508080160383e-01
  10  2.98595749973287e-01 -9.18983224106594e-01  2.57508080160383e-01
  11 -1.45876063051249e-11 -9.66276144795691e-01 -2.57508080175607e-01
  12 -5.67962867585792e-01 -7.81733822342140e-01 -2.57508080175607e-01
  13 -9.18983223845401e-01 -2.98595749785664e-01 -2.57508080241157e-01
  14 -9.18983224335438e-01  2.98595750205738e-01 -2.57508080162766e-01
  15 -5.67962867312377e-01  7.81733822207118e-01 -2.57508080200244e-01
  16  7.21771546470021e-11  9.66276145087172e-01 -2.57508080128823e-01
  17  5.67962867417474e-01  7.81733822086641e-01 -2.57508080172084e-01
  18  9.18983224337835e-01  2.98595750011042e-01 -2.57508080105460e-01
  19  9.18983223721056e-01 -2.98595749979817e-01 -2.57508080152701e-01
  20  5.67962867680693e-01 -7.81733822694601e-01 -2.57508080089380e-01
