   5
   1   3   2   5   4
   2   3   3   5   1
   3   3   4   5   2
   4   3   1   5   3
   5   4   1   2   3   4
   5
   1   3   1   2   3
   2   3   4   1   3
   3   3   5   4   3
   4   3   2   5   3
   5   4   1   4   5   2
   5
   1   3   1   2   5
   2   3   1   5   4
   3   4   1   4   3   2
   4   3   2   3   5
   5   3   3   4   5
   5
   1 -6.93375245280562e-01 -6.93375245286786e-01  1.96116135123066e-01
   2 -6.93375245218302e-01  6.93375245334666e-01  1.96116135123066e-01
   3  6.93375245278639e-01  6.93375245210150e-01  1.96116135123066e-01
   4  6.93375245216374e-01 -6.93375245286786e-01  1.96116135123066e-01
   5  3.85162313385055e-12  2.87573080478531e-11 -7.84464540492265e-01
