   6
   1   3   2   6   5
   2   3   3   6   1
   3   3   4   6   2
   4   3   5   6   3
   5   3   1   6   4
   6   5   1   2   3   4   5
   6
   1   3   1   2   3
   2   3   4   1   3
   3   3   5   4   3
   4   3   6   5   3
   5   3   2   6   3
   6   5   1   4   5   6   2
   6
   1   3   1   2   6
   2   3   1   6   5
   3   5   1   5   4   3   2
   4   3   2   3   6
   5   3   3   4   6
   6   3   4   5   6
   6
   1 -5.84691598930237e-01 -8.04758945835351e-01  1.02463521500955e-01
   2 -9.46050879972378e-01  3.07390564637409e-01  1.02463521500955e-01
   3  6.01812014879426e-11  9.94736762482208e-01  1.02463521500955e-01
   4  9.46050879969305e-01  3.07390564467511e-01  1.02463521500955e-01
   5  5.84691598871957e-01 -8.04758945835351e-01  1.02463521500955e-01
   6  1.17182405372092e-12  8.35741903113088e-11 -5.12317607504776e-01
