   9
   1   3   2   7   6
   2   3   3   7   1
   3   3   4   8   2
   4   3   5   8   3
   5   3   6   9   4
   6   3   1   9   5
   7   4   8   9   1   2
   8   4   9   7   3   4
   9   4   7   8   5   6
   9
   1   3   1   2   3
   2   3   4   1   3
   3   3   5   4   3
   4   3   6   5   3
   5   3   7   6   3
   6   3   2   7   3
   7   4   8   2   1   4
   8   4   8   4   5   6
   9   4   8   6   7   2
   8
   1   3   1   2   7
   2   4   1   7   9   6
   3   6   1   6   5   4   3   2
   4   4   2   3   8   7
   5   3   3   4   8
   6   4   4   5   9   8
   7   3   5   6   9
   8   3   7   8   9
   9
   1 -4.82450640672051e-01 -8.35629021809332e-01  2.62612865688463e-01
   2 -9.64901281342994e-01  9.24196861373751e-11  2.62612865688463e-01
   3 -4.82450640597017e-01  8.35629021777572e-01  2.62612865688463e-01
   4  4.82450640694844e-01  8.35629021690924e-01  2.62612865688463e-01
   5  9.64901281290756e-01 -8.08630876453749e-11  2.62612865688463e-01
   6  4.82450640619814e-01 -8.35629021809332e-01  2.62612865688463e-01
   7 -4.82450640628730e-01 -2.78543007135019e-01 -5.25225731374212e-01
   8  4.89149241949563e-11  5.57086014402890e-01 -5.25225731374212e-01
   9  4.82450640586465e-01 -2.78543007129261e-01 -5.25225731382355e-01
