  12
   1   3   2   9   8
   2   3   3  10   1
   3   3   4  10   2
   4   3   5  11   3
   5   3   6  11   4
   6   3   7  12   5
   7   3   8  12   6
   8   3   1   9   7
   9   4  10  12   8   1
  10   4  11   9   2   3
  11   4  12  10   4   5
  12   4   9  11   6   7
  12
   1   3   1   2   3
   2   3   4   1   3
   3   3   5   4   3
   4   3   6   5   3
   5   3   7   6   3
   6   3   8   7   3
   7   3   9   8   3
   8   3   2   9   3
   9   4  10   9   2   1
  10   4  10   1   4   5
  11   4  10   5   6   7
  12   4  10   7   8   9
  10
   1   4   1   2  10   9
   2   3   1   9   8
   3   8   1   8   7   6   5   4   3   2
   4   3   2   3  10
   5   4   3   4  11  10
   6   3   4   5  11
   7   4   5   6  12  11
   8   3   6   7  12
   9   4   7   8   9  12
  10   4   9  10  11  12
  12
   1 -3.76604445208757e-01 -9.09203559320059e-01  1.77533037964037e-01
   2 -9.09203559335694e-01 -3.76604445121386e-01  1.77533037964037e-01
   3 -9.09203559234245e-01  3.76604445272266e-01  1.77533037964037e-01
   4 -3.76604445127117e-01  9.09203559259842e-01  1.77533037964037e-01
   5  3.76604445266538e-01  9.09203559192204e-01  1.77533037964037e-01
   6  9.09203559278021e-01  3.76604445108985e-01  1.77533037964037e-01
   7  9.09203559244202e-01 -3.76604445284667e-01  1.77533037964037e-01
   8  3.76604445184898e-01 -9.09203559320059e-01  1.77533037964037e-01
   9  7.59447227413845e-12 -5.32599113780047e-01 -3.55066075942295e-01
  10 -5.32599114110889e-01  1.38436848600155e-10 -3.55066075750150e-01
  11  5.54187084057049e-11  5.32599113944941e-01 -3.55066076009928e-01
  12  5.32599113980030e-01 -9.04558193712513e-11 -3.55066076009927e-01
