  15
   1   3   2  11  10
   2   3   3  11   1
   3   3   4  12   2
   4   3   5  12   3
   5   3   6  13   4
   6   3   7  13   5
   7   3   8  14   6
   8   3   9  14   7
   9   3  10  15   8
  10   3   1  15   9
  11   4  12  15   1   2
  12   4  13  11   3   4
  13   4  14  12   5   6
  14   4  15  13   7   8
  15   4  11  14   9  10
  15
   1   3   1   2   3
   2   3   4   1   3
   3   3   5   4   3
   4   3   6   5   3
   5   3   7   6   3
   6   3   8   7   3
   7   3   9   8   3
   8   3  10   9   3
   9   3  11  10   3
  10   3   2  11   3
  11   4  12   2   1   4
  12   4  12   4   5   6
  13   4  12   6   7   8
  14   4  12   8   9  10
  15   4  12  10  11   2
  12
   1   3   1   2  11
   2   4   1  11  15  10
   3  10   1  10   9   8   7   6   5   4   3   2
   4   4   2   3  12  11
   5   3   3   4  12
   6   4   4   5  13  12
   7   3   5   6  13
   8   4   6   7  14  13
   9   3   7   8  14
  10   4   8   9  15  14
  11   3   9  10  15
  12   5  11  12  13  14  15
  15
   1 -3.07220352470243e-01 -9.45527021180422e-01  1.07676864951284e-01
   2 -8.04313324901168e-01 -5.84367836282201e-01  1.07676864951284e-01
   3 -9.94185944674548e-01  4.03388078280238e-11  1.07676864951284e-01
   4 -8.04313324743751e-01  5.84367836311724e-01  1.07676864951284e-01
   5 -3.07220352385341e-01  9.45527021020866e-01  1.07676864951284e-01
   6  3.07220352538977e-01  9.45527020965695e-01  1.07676864951284e-01
   7  8.04313324832525e-01  5.84367836167281e-01  1.07676864951284e-01
   8  9.94185944658378e-01 -1.38205374975570e-10  1.07676864951284e-01
   9  8.04313324780051e-01 -5.84367836426645e-01  1.07676864951284e-01
  10  3.07220352454073e-01 -9.45527021180422e-01  1.07676864951284e-01
  11 -3.07220352442657e-01 -4.22852538147046e-01 -2.15353729715423e-01
  12 -4.97092972249157e-01  1.61515297532343e-01 -2.15353730053659e-01
  13  5.47742635976967e-11  5.22674482178762e-01 -2.15353730053659e-01
  14  4.97092972271835e-01  1.61515297412779e-01 -2.15353730053660e-01
  15  3.07220352276252e-01 -4.22852538274843e-01 -2.15353729636439e-01
