  20
   1   3   2  11  10
   2   3   3  12   1
   3   3   4  12   2
   4   3   5  13   3
   5   3   6  13   4
   6   3   7  14   5
   7   3   8  14   6
   8   3   9  15   7
   9   3  10  15   8
  10   3   1  11   9
  11   4  16  20  10   1
  12   4  17  16   2   3
  13   4  18  17   4   5
  14   4  19  18   6   7
  15   4  20  19   8   9
  16   4  17  20  11  12
  17   4  18  16  12  13
  18   4  19  17  13  14
  19   4  20  18  14  15
  20   4  16  19  15  11
  20
   1   3   1   2   3
   2   3   4   1   3
   3   3   5   4   3
   4   3   6   5   3
   5   3   7   6   3
   6   3   8   7   3
   7   3   9   8   3
   8   3  10   9   3
   9   3  11  10   3
  10   3   2  11   3
  11   4  12  11   2   1
  12   4  13   1   4   5
  13   4  14   5   6   7
  14   4  15   7   8   9
  15   4  16   9  10  11
  16   4  17  12   1  13
  17   4  17  13   5  14
  18   4  17  14   7  15
  19   4  17  15   9  16
  20   4  17  16  11  12
  17
   1   5   1   2  12  16  11
   2   3   1  11  10
   3  10   1  10   9   8   7   6   5   4   3   2
   4   3   2   3  12
   5   5   3   4  13  17  12
   6   3   4   5  13
   7   5   5   6  14  18  13
   8   3   6   7  14
   9   5   7   8  15  19  14
  10   3   8   9  15
  11   5   9  10  11  20  15
  12   3  11  16  20
  13   3  12  17  16
  14   3  13  18  17
  15   3  14  19  18
  16   3  15  20  19
  17   5  16  17  18  19  20
  20
   1 -2.92202182153028e-01 -8.99305845620831e-01  3.25371911475484e-01
   2 -7.64995244558834e-01 -5.55801578785230e-01  3.25371911475484e-01
   3 -9.45586124632368e-01  5.27814403686047e-11  3.25371911475484e-01
   4 -7.64995244409112e-01  5.55801578842139e-01  3.25371911475484e-01
   5 -2.92202182072276e-01  8.99305845497904e-01  3.25371911475484e-01
   6  2.92202182220598e-01  8.99305845445430e-01  3.25371911475484e-01
   7  7.64995244495743e-01  5.55801578704757e-01  3.25371911475484e-01
   8  9.45586124619185e-01 -1.17034782439058e-10  3.25371911475484e-01
   9  7.64995244445834e-01 -5.55801578922613e-01  3.25371911475484e-01
  10  2.92202182139845e-01 -8.99305845620831e-01  3.25371911475484e-01
  11  8.55695176768707e-12 -8.04363601081007e-01 -1.71752133367175e-01
  12 -7.64995244544509e-01 -2.48562022261110e-01 -1.71752133118436e-01
  13 -4.72793062193526e-01  6.50743823016943e-01 -1.71752133390643e-01
  14  4.72793062321716e-01  6.50743822914228e-01 -1.71752133390643e-01
  15  7.64995244376688e-01 -2.48562022545522e-01 -1.71752133390643e-01
  16 -2.92202182200495e-01 -4.02181800313338e-01 -4.78991689483032e-01
  17 -4.72793062204960e-01  1.53619778146129e-01 -4.78991689741497e-01
  18  4.23091743788141e-11  4.97124044730625e-01 -4.78991689741497e-01
  19  4.72793062221999e-01  1.53619778053115e-01 -4.78991689741497e-01
  20  2.92202182076634e-01 -4.02181800136530e-01 -4.78991689389773e-01
