   7
   1   4   2   4   3   7
   2   4   3   5   1   7
   3   4   1   6   2   7
   4   3   1   5   6
   5   3   2   6   4
   6   3   3   4   5
   7   3   1   3   2
   7
   1   4   1   2   3   4
   2   4   5   1   4   6
   3   4   2   5   6   3
   4   3   1   7   2
   5   3   5   7   1
   6   3   2   7   5
   7   3   3   6   4
   7
   1   4   1   2   5   4
   2   4   1   4   6   3
   3   3   1   3   7
   4   3   1   7   2
   5   4   2   3   6   5
   6   3   2   7   3
   7   3   4   5   6
   7
   1 -4.43095213333996e-01 -2.55821140699686e-01  2.76428546634524e-01
   2  1.69652469874743e-11  5.11642281361701e-01  2.76428546634524e-01
   3  4.43095213276042e-01 -2.55821140699686e-01  2.76428546634524e-01
   4 -4.43095213294209e-01 -2.55821140676715e-01 -6.09761879975514e-01
   5  6.51598739538516e-11  5.11642281399235e-01 -6.09761879912756e-01
   6  4.43095213276042e-01 -2.55821140676715e-01 -6.09761880015304e-01
   7 -6.00563485949649e-12 -8.13546531150335e-12  1.00000000000000e+00
