   9
   1   4   5   4   2   9
   2   4   1   3   6   9
   3   3   4   7   2
   4   3   1   8   3
   5   4   6   8   1   9
   6   4   2   7   5   9
   7   3   3   8   6
   8   3   4   5   7
   9   4   1   2   6   5
   9
   1   4   1   2   3   4
   2   4   2   5   6   3
   3   3   7   5   2
   4   3   1   7   2
   5   4   8   1   4   9
   6   4   5   8   9   6
   7   3   7   8   5
   8   3   1   8   7
   9   4   3   6   9   4
   9
   1   4   1   5   8   4
   2   4   1   4   3   2
   3   3   1   2   9
   4   3   1   9   5
   5   4   2   3   7   6
   6   3   2   6   9
   7   4   3   4   8   7
   8   4   5   6   7   8
   9   3   5   9   6
   9
   1 -3.40990257710407e-01 -4.65990257713473e-01  4.65990257692552e-01
   2 -3.40990257668564e-01  4.65990257738720e-01  4.65990257692552e-01
   3  5.90990257699949e-01  4.65990257655037e-01  4.65990257692552e-01
   4  5.90990257658103e-01 -4.65990257713473e-01  4.65990257692552e-01
   5 -3.40990257668564e-01 -4.65990257671630e-01 -4.65990257675958e-01
   6 -3.40990257626722e-01  4.65990257696883e-01 -4.65990257675958e-01
   7  5.90990257658103e-01  4.65990257613194e-01 -4.65990257675958e-01
   8  5.90990257658103e-01 -4.65990257671630e-01 -4.65990257717805e-01
   9 -1.00000000000000e+00  6.63699892618992e-11 -2.45268833380921e-11
