  11
   1   4   2   6   5  11
   2   4   3   7   1  11
   3   4   4   8   2  11
   4   4   5   9   3  11
   5   4   1  10   4  11
   6   3   1   7  10
   7   3   2   8   6
   8   3   3   9   7
   9   3   4  10   8
  10   3   5   6   9
  11   5   1   5   4   3   2
  11
   1   4   1   2   3   4
   2   4   5   1   4   6
   3   4   7   5   6   8
   4   4   9   7   8  10
   5   4   2   9  10   3
   6   3   1  11   2
   7   3   5  11   1
   8   3   7  11   5
   9   3   9  11   7
  10   3   2  11   9
  11   5   3  10   8   6   4
  11
   1   4   1   2   7   6
   2   4   1   6  10   5
   3   3   1   5  11
   4   3   1  11   2
   5   4   2   3   8   7
   6   3   2  11   3
   7   4   3   4   9   8
   8   3   3  11   4
   9   4   4   5  10   9
  10   3   4  11   5
  11   5   6   7   8   9  10
  11
   1 -4.82119432651578e-01 -6.63580470673841e-01  3.92205814132849e-01
   2 -7.80085628654245e-01  2.53465185566413e-01  3.92205814132849e-01
   3 -1.19564794184650e-10  8.20230570334409e-01  3.92205814132849e-01
   4  7.80085628506151e-01  2.53465185566413e-01  3.92205814132849e-01
   5  4.82119432650791e-01 -6.63580470673841e-01  3.92205814132849e-01
   6 -4.82119432608287e-01 -6.63580470614256e-01 -5.72033051169520e-01
   7 -7.80085628605918e-01  2.53465185610501e-01 -5.72033051066643e-01
   8  7.32579446596862e-11  8.20230570120666e-01 -5.72033051169520e-01
   9  7.80085628734001e-01  2.53465185327222e-01 -5.72033051126229e-01
  10  4.82119432650791e-01 -6.63580470614256e-01 -5.72033051212814e-01
  11  2.46005539546439e-11  5.05685903993515e-11  8.99136185080482e-01
