   9
   1   5   2   6   5   4   9
   2   5   3   7   6   1   9
   3   5   4   8   7   2   9
   4   5   1   5   8   3   9
   5   4   1   6   8   4
   6   4   2   7   5   1
   7   4   3   8   6   2
   8   4   4   5   7   3
   9   4   1   4   3   2
   9
   1   5   1   2   3   4   5
   2   5   6   7   1   5   8
   3   5   9  10   6   8  11
   4   5   3  12   9  11   4
   5   4   2  13  12   3
   6   4   7  13   2   1
   7   4  10  13   7   6
   8   4  12  13  10   9
   9   4   4  11   8   5
  13
   1   3   1   2   6
   2   3   1   6   5
   3   3   1   5   4
   4   3   1   4   9
   5   3   1   9   2
   6   3   2   3   7
   7   3   2   7   6
   8   3   2   9   3
   9   3   3   4   8
  10   3   3   8   7
  11   3   3   9   4
  12   3   4   5   8
  13   4   5   6   7   8
   9
   1 -4.98867022556559e-01 -4.98867022568228e-01  2.94495490931948e-01
   2 -4.98867022511764e-01  4.98867022590098e-01  2.94495490931948e-01
   3  4.98867022467389e-01  4.98867022590098e-01  2.94495490931948e-01
   4  4.98867022512180e-01 -4.98867022568228e-01  2.94495490931948e-01
   5  3.67315743759804e-12 -7.05504509103613e-01 -5.44495490936823e-01
   6 -7.05504509050992e-01  4.60763040078624e-11 -5.44495490936823e-01
   7  6.70222738313765e-11  7.05504509068393e-01 -5.44495490933643e-01
   8  7.05504509065376e-01 -6.89973713492019e-11 -5.44495490920502e-01
   9  3.67415437417640e-12  1.44001950207402e-11  1.00000000000000e+00
