  11
   1   5   2   7   6   5  11
   2   5   3   8   7   1  11
   3   5   4   9   8   2  11
   4   5   5  10   9   3  11
   5   5   1   6  10   4  11
   6   4   1   7  10   5
   7   4   2   8   6   1
   8   4   3   9   7   2
   9   4   4  10   8   3
  10   4   5   6   9   4
  11   5   1   5   4   3   2
  11
   1   5   1   2   3   4   5
   2   5   6   7   1   5   8
   3   5   9  10   6   8  11
   4   5  12  13   9  11  14
   5   5   3  15  12  14   4
   6   4   2  16  15   3
   7   4   7  16   2   1
   8   4  10  16   7   6
   9   4  13  16  10   9
  10   4  15  16  13  12
  11   5   4  14  11   8   5
  16
   1   3   1   2   7
   2   3   1   7   6
   3   3   1   6   5
   4   3   1   5  11
   5   3   1  11   2
   6   3   2   3   8
   7   3   2   8   7
   8   3   2  11   3
   9   3   3   4   9
  10   3   3   9   8
  11   3   3  11   4
  12   3   4   5  10
  13   3   4  10   9
  14   3   4  11   5
  15   3   5   6  10
  16   5   6   7   8   9  10
  11
   1 -5.03657040719905e-01 -6.93224445038074e-01  3.41344212357487e-01
   2 -8.14934210545919e-01  2.64788176209574e-01  3.41344212357487e-01
   3 -1.22771222709766e-10  8.56872537766999e-01  3.41344212357487e-01
   4  8.14934210395479e-01  2.64788176209574e-01  3.41344212357487e-01
   5  5.03657040723353e-01 -6.93224445038074e-01  3.41344212357487e-01
   6  2.78343901342483e-11 -8.56872537681031e-01 -5.15528325282007e-01
   7 -8.14934210507766e-01 -2.64788176111001e-01 -5.15528325282007e-01
   8 -5.03657040593900e-01  6.93224444950703e-01 -5.15528325293417e-01
   9  5.03657040821727e-01  6.93224444908890e-01 -5.15528325255118e-01
  10  8.14934210494034e-01 -2.64788176227410e-01 -5.15528325264012e-01
  11  2.78343901342483e-11  4.98489218068650e-11  8.70920564589128e-01
