   5
   1   4   4   3   2   5
   2   4   1   3   4   5
   3   3   1   4   2
   4   4   2   3   1   5
   5   3   1   2   4
   5
   1   4   1   2   3   4
   2   4   2   5   6   3
   3   3   1   5   2
   4   4   5   1   4   6
   5   3   3   6   4
   6
   1   3   1   4   3
   2   3   1   3   2
   3   3   1   2   5
   4   3   1   5   4
   5   3   2   3   4
   6   3   2   4   5
   5
   1 -6.12372435731774e-01 -3.53553390614046e-01  0.00000000000000e+00
   2  6.12372435680979e-01 -3.53553390614046e-01  0.00000000000000e+00
   3  6.34930572236608e-12  3.66517905014194e-12 -1.00000000000000e+00
   4  3.80958343341965e-11  7.07106781220761e-01  0.00000000000000e+00
   5  6.34930572236608e-12  3.66640281610192e-12  1.00000000000000e+00
