   7
   1   4   2   6   5   7
   2   4   3   6   1   7
   3   4   4   6   2   7
   4   4   5   6   3   7
   5   4   1   6   4   7
   6   5   1   2   3   4   5
   7   5   1   5   4   3   2
   7
   1   4   1   2   3   4
   2   4   5   1   4   6
   3   4   7   5   6   8
   4   4   9   7   8  10
   5   4   2   9  10   3
   6   5   1   5   7   9   2
   7   5   3  10   8   6   4
  10
   1   3   1   2   6
   2   3   1   6   5
   3   3   1   5   7
   4   3   1   7   2
   5   3   2   3   6
   6   3   2   7   3
   7   3   3   4   6
   8   3   3   7   4
   9   3   4   5   6
  10   3   4   7   5
   7
   1 -5.87785252185819e-01 -8.09016994397647e-01  0.00000000000000e+00
   2 -9.51056516130549e-01  3.09016994378849e-01  0.00000000000000e+00
   3 -1.07584509113190e-10  9.99999999991165e-01  0.00000000000000e+00
   4  9.51056516026368e-01  3.09016994378849e-01  0.00000000000000e+00
   5  5.87785252261230e-01 -8.09016994397647e-01  0.00000000000000e+00
   6  6.81774697225718e-11  2.32147524755201e-11 -6.18033988608792e-01
   7  6.81774697225718e-11  2.32147524755201e-11  6.18033988608792e-01
