   8
   1   4   2   4   3   7
   2   4   3   5   1   7
   3   4   1   6   2   7
   4   4   6   1   5   8
   5   4   4   2   6   8
   6   4   5   3   4   8
   7   3   1   3   2
   8   3   4   5   6
   8
   1   4   1   2   3   4
   2   4   5   1   4   6
   3   4   2   5   6   3
   4   4   2   1   7   8
   5   4   1   5   9   7
   6   4   5   2   8   9
   7   3   3   6   4
   8   3   7   9   8
   9
   1   4   1   2   5   4
   2   4   1   4   6   3
   3   3   1   3   7
   4   3   1   7   2
   5   4   2   3   6   5
   6   3   2   7   3
   7   3   4   5   8
   8   3   4   8   6
   9   3   5   6   8
   8
   1 -3.79795897143206e-01 -2.19275263467773e-01  3.79795897114060e-01
   2  1.55237664371488e-11  4.38550526871881e-01  3.79795897114060e-01
   3  3.79795897095496e-01 -2.19275263467773e-01  3.79795897114060e-01
   4 -3.79795897109103e-01 -2.19275263448083e-01 -3.79795897124642e-01
   5  5.68334466941267e-11  4.38550526904053e-01 -3.79795897070850e-01
   6  3.79795897095496e-01 -2.19275263448083e-01 -3.79795897158748e-01
   7 -4.16556086029426e-12 -1.74319803933450e-11  1.00000000000000e+00
   8 -6.87505179825142e-12  7.32108600552219e-11 -9.99999999987941e-01
