  10
   1   4   5   4   2   9
   2   4   1   3   6   9
   3   4   7   2   4  10
   4   4   3   1   8  10
   5   4   6   8   1   9
   6   4   2   7   5   9
   7   4   8   6   3  10
   8   4   4   5   7  10
   9   4   1   2   6   5
  10   4   3   4   8   7
  10
   1   4   1   2   3   4
   2   4   2   5   6   3
   3   4   5   2   7   8
   4   4   2   1   9   7
   5   4  10   1   4  11
   6   4   5  10  11   6
   7   4  10   5   8  12
   8   4   1  10  12   9
   9   4   3   6  11   4
  10   4   7   9  12   8
  12
   1   4   1   5   8   4
   2   4   1   4   3   2
   3   3   1   2   9
   4   3   1   9   5
   5   4   2   3   7   6
   6   3   2   6   9
   7   3   3   4  10
   8   3   3  10   7
   9   3   4   8  10
  10   4   5   6   7   8
  11   3   5   9   6
  12   3   7  10   8
  10
   1 -4.14213562403446e-01 -4.14213562408705e-01  4.14213562395945e-01
   2 -4.14213562366252e-01  4.14213562445897e-01  4.14213562395945e-01
   3  4.14213562413969e-01  4.14213562371513e-01  4.14213562395945e-01
   4  4.14213562376772e-01 -4.14213562408705e-01  4.14213562395945e-01
   5 -4.14213562366252e-01 -4.14213562371512e-01 -4.14213562384274e-01
   6 -4.14213562329059e-01  4.14213562408709e-01 -4.14213562384274e-01
   7  4.14213562376772e-01  4.14213562334319e-01 -4.14213562384274e-01
   8  4.14213562339576e-01 -4.14213562371515e-01 -4.14213562384274e-01
   9 -1.00000000000000e+00  6.63706560732363e-11 -2.33408570743775e-11
  10  9.99999999957921e-01 -6.63731393681803e-11 -2.33433403693216e-11
