  12
   1   4   2   6   5  11
   2   4   3   7   1  11
   3   4   4   8   2  11
   4   4   5   9   3  11
   5   4   1  10   4  11
   6   4  10   1   7  12
   7   4   6   2   8  12
   8   4   7   3   9  12
   9   4   8   4  10  12
  10   4   9   5   6  12
  11   5   1   5   4   3   2
  12   5   6   7   8   9  10
  12
   1   4   1   2   3   4
   2   4   5   1   4   6
   3   4   7   5   6   8
   4   4   9   7   8  10
   5   4   2   9  10   3
   6   4   2   1  11  12
   7   4   1   5  13  11
   8   4   5   7  14  13
   9   4   7   9  15  14
  10   4   9   2  12  15
  11   5   3  10   8   6   4
  12   5  11  13  14  15  12
  15
   1   4   1   2   7   6
   2   4   1   6  10   5
   3   3   1   5  11
   4   3   1  11   2
   5   4   2   3   8   7
   6   3   2  11   3
   7   4   3   4   9   8
   8   3   3  11   4
   9   4   4   5  10   9
  10   3   4  11   5
  11   3   6   7  12
  12   3   6  12  10
  13   3   7   8  12
  14   3   8   9  12
  15   3   9  10  12
  12
   1 -4.87457184568960e-01 -6.70927255946894e-01  4.87457184546752e-01
   2 -7.88722292681565e-01  2.56271407786563e-01  4.87457184546752e-01
   3 -1.18264010979432e-10  8.29311696273127e-01  4.87457184546752e-01
   4  7.88722292537080e-01  2.56271407786563e-01  4.87457184546752e-01
   5  4.87457184573414e-01 -6.70927255946894e-01  4.87457184546752e-01
   6 -4.87457184525190e-01 -6.70927255886649e-01 -4.87457184595622e-01
   7 -7.88722292632703e-01  2.56271407831140e-01 -4.87457184491607e-01
   8  8.49315958871431e-11  8.29311696166374e-01 -4.87457184471096e-01
   9  7.88722292710079e-01  2.56271407689497e-01 -4.87457184562434e-01
  10  4.87457184573414e-01 -6.70927255886649e-01 -4.87457184639396e-01
  11  2.74974538307806e-11  1.74464356760220e-11  1.00000000000000e+00
  12  2.02664486739876e-11  1.16374946465211e-10 -9.99999999973603e-01
