  10
   1   5   2   6   5   4   9
   2   5   3   7   6   1   9
   3   5   4   8   7   2   9
   4   5   1   5   8   3   9
   5   5   8   4   1   6  10
   6   5   5   1   2   7  10
   7   5   6   2   3   8  10
   8   5   7   3   4   5  10
   9   4   1   4   3   2
  10   4   5   6   7   8
  10
   1   5   1   2   3   4   5
   2   5   6   7   1   5   8
   3   5   9  10   6   8  11
   4   5   3  12   9  11   4
   5   5  12   3   2  13  14
   6   5   2   1   7  15  13
   7   5   7   6  10  16  15
   8   5  10   9  12  14  16
   9   4   4  11   8   5
  10   4  13  15  16  14
  16
   1   3   1   2   6
   2   3   1   6   5
   3   3   1   5   4
   4   3   1   4   9
   5   3   1   9   2
   6   3   2   3   7
   7   3   2   7   6
   8   3   2   9   3
   9   3   3   4   8
  10   3   3   8   7
  11   3   3   9   4
  12   3   4   5   8
  13   3   5   6  10
  14   3   5  10   8
  15   3   6   7  10
  16   3   7   8  10
  10
   1 -4.43437353389816e-01 -4.43437353393803e-01  3.72884880822433e-01
   2 -4.43437353349999e-01  4.43437353422033e-01  3.72884880822433e-01
   3  4.43437353306574e-01  4.43437353422033e-01  3.72884880822433e-01
   4  4.43437353346388e-01 -4.43437353393803e-01  3.72884880822433e-01
   5  1.27460187723251e-12 -6.27115119204782e-01 -3.72884880845791e-01
   6 -6.27115119164393e-01  4.53517034258528e-11 -3.72884880845791e-01
   7  6.38418492212749e-11  6.27115119136893e-01 -3.72884880831283e-01
   8  6.27115119173198e-01 -5.69360080036219e-11 -3.72884880831283e-01
   9  1.27548804307995e-12  1.71951621036985e-11  1.00000000000000e+00
  10  1.16563301685915e-11  5.81836802853794e-12 -9.99999999935581e-01
