  15
   1   4   2   7   6  13
   2   4   3   8   1  15
   3   4   4   9   2  15
   4   4   5  10   3  14
   5   4   6  11   4  14
   6   4   1  12   5  13
   7   3   1   8  12
   8   3   2   9   7
   9   3   3  10   8
  10   3   4  11   9
  11   3   5  12  10
  12   3   6   7  11
  13   4  14  15   1   6
  14   4  15  13   5   4
  15   4  13  14   3   2
  15
   1   4   1   2   3   4
   2   4   5   1   4   6
   3   4   7   5   6   8
   4   4   9   7   8  10
   5   4  11   9  10  12
   6   4   2  11  12   3
   7   3   1  13   2
   8   3   5  13   1
   9   3   7  13   5
  10   3   9  13   7
  11   3  11  13   9
  12   3   2  13  11
  13   4  14   4   3  12
  14   4  14  12  10   8
  15   4  14   8   6   4
  14
   1   4   1   2   8   7
   2   4   1   7  12   6
   3   3   1   6  13
   4   4   1  13  15   2
   5   4   2   3   9   8
   6   3   2  15   3
   7   4   3   4  10   9
   8   4   3  15  14   4
   9   4   4   5  11  10
  10   3   4  14   5
  11   4   5   6  12  11
  12   4   5  14  13   6
  13   6   7   8   9  10  11  12
  14   3  13  14  15
  15
   1 -3.97448513732033e-01 -6.88401019354741e-01  1.88152669986145e-01
   2 -7.94897027532980e-01  3.64082495834213e-11  1.88152669986145e-01
   3 -3.97448513917473e-01  6.88401019391868e-01  1.88152669986145e-01
   4  3.97448513519585e-01  6.88401019391868e-01  1.88152669986145e-01
   5  7.94897027382347e-01  3.64098381067892e-11  1.88152669986145e-01
   6  3.97448513828653e-01 -6.88401019354741e-01  1.88152669986145e-01
   7 -3.97448513696344e-01 -6.88401019292927e-01 -6.06744357574541e-01
   8 -7.94897027484229e-01  7.55966798146797e-11 -6.06744357477039e-01
   9 -3.97448513634531e-01  6.88401019187302e-01 -6.06744357574541e-01
  10  3.97448513961846e-01  6.88401019115928e-01 -6.06744357538852e-01
  11  7.94897027558226e-01 -1.06344138125052e-10 -6.06744357574541e-01
  12  3.97448513828653e-01 -6.88401019292927e-01 -6.06744357610232e-01
  13  6.89149533981679e-11 -4.58934012818092e-01  8.37183375142056e-01
  14  3.97448513545707e-01  2.29467006463658e-01  8.37183375142056e-01
  15 -3.97448513696344e-01  2.29467006520732e-01  8.37183375148765e-01
