  20
   1   4   2   9   8  17
   2   4   3  10   1  17
   3   4   4  11   2  20
   4   4   5  12   3  20
   5   4   6  13   4  19
   6   4   7  14   5  19
   7   4   8  15   6  18
   8   4   1  16   7  18
   9   3   1  10  16
  10   3   2  11   9
  11   3   3  12  10
  12   3   4  13  11
  13   3   5  14  12
  14   3   6  15  13
  15   3   7  16  14
  16   3   8   9  15
  17   4  18  20   2   1
  18   4  19  17   8   7
  19   4  20  18   6   5
  20   4  17  19   4   3
  20
   1   4   1   2   3   4
   2   4   5   1   4   6
   3   4   7   5   6   8
   4   4   9   7   8  10
   5   4  11   9  10  12
   6   4  13  11  12  14
   7   4  15  13  14  16
   8   4   2  15  16   3
   9   3   1  17   2
  10   3   5  17   1
  11   3   7  17   5
  12   3   9  17   7
  13   3  11  17   9
  14   3  13  17  11
  15   3  15  17  13
  16   3   2  17  15
  17   4  18   6   4   3
  18   4  18   3  16  14
  19   4  18  14  12  10
  20   4  18  10   8   6
  18
   1   4   1   2  10   9
   2   4   1   9  16   8
   3   4   1   8  18  17
   4   3   1  17   2
   5   4   2   3  11  10
   6   4   2  17  20   3
   7   4   3   4  12  11
   8   3   3  20   4
   9   4   4   5  13  12
  10   4   4  20  19   5
  11   4   5   6  14  13
  12   3   5  19   6
  13   4   6   7  15  14
  14   4   6  19  18   7
  15   4   7   8  16  15
  16   3   7  18   8
  17   8   9  10  11  12  13  14  15  16
  18   4  17  18  19  20
  20
   1 -3.32829853260595e-01 -8.03522346284432e-01  1.72125384234394e-01
   2 -8.03522346031305e-01 -3.32829853450324e-01  1.72125384234394e-01
   3 -8.03522346290022e-01  3.32829853578041e-01  1.72125384234394e-01
   4 -3.32829853885197e-01  8.03522346369883e-01  1.72125384234394e-01
   5  3.32829852854569e-01  8.03522346369883e-01  1.72125384234394e-01
   6  8.03522345667551e-01  3.32829853578047e-01  1.72125384234394e-01
   7  8.03522345986029e-01 -3.32829853450325e-01  1.72125384234394e-01
   8  3.32829853623471e-01 -8.03522346284432e-01  1.72125384234394e-01
   9 -3.32829853230709e-01 -8.03522346212281e-01 -4.93534322649671e-01
  10 -8.03522345971533e-01 -3.32829853408059e-01 -4.93534322547634e-01
  11 -8.03522345869496e-01  3.32829853403857e-01 -4.93534322649671e-01
  12 -3.32829853095160e-01  8.03522346072533e-01 -4.93534322619785e-01
  13  3.32829853665734e-01  8.03522345949359e-01 -4.93534322649671e-01
  14  8.03522346355544e-01  3.32829853196158e-01 -4.93534322619785e-01
  15  8.03522346262258e-01 -3.32829853564740e-01 -4.93534322649671e-01
  16  3.32829853623471e-01 -8.03522346212281e-01 -4.93534322679559e-01
  17 -3.32829853230709e-01 -3.32829853255360e-01  6.42817876810141e-01
  18  3.32829853472979e-01 -3.32829853425172e-01  6.42817876640330e-01
  19  3.32829853004357e-01  3.32829853527024e-01  6.42817876869913e-01
  20 -3.32829853651237e-01  3.32829853502621e-01  6.42817876869912e-01
