  25
   1   4   2  11  10  16
   2   4   3  11   1  25
   3   4   4  12   2  24
   4   4   5  12   3  23
   5   4   6  13   4  22
   6   4   7  13   5  21
   7   4   8  14   6  20
   8   4   9  14   7  19
   9   4  10  15   8  18
  10   4   1  15   9  17
  11   4  12  15   1   2
  12   4  13  11   3   4
  13   4  14  12   5   6
  14   4  15  13   7   8
  15   4  11  14   9  10
  16   3   1  17  25
  17   3  10  18  16
  18   3   9  19  17
  19   3   8  20  18
  20   3   7  21  19
  21   3   6  22  20
  22   3   5  23  21
  23   3   4  24  22
  24   3   3  25  23
  25   3   2  16  24
  25
   1   4   1   2   3   4
   2   4   5   1   4   6
   3   4   7   5   6   8
   4   4   9   7   8  10
   5   4  11   9  10  12
   6   4  13  11  12  14
   7   4  15  13  14  16
   8   4  17  15  16  18
   9   4  19  17  18  20
  10   4   2  19  20   3
  11   4  21   2   1   5
  12   4  21   5   7   9
  13   4  21   9  11  13
  14   4  21  13  15  17
  15   4  21  17  19   2
  16   3   3  22   4
  17   3  20  22   3
  18   3  18  22  20
  19   3  16  22  18
  20   3  14  22  16
  21   3  12  22  14
  22   3  10  22  12
  23   3   8  22  10
  24   3   6  22   8
  25   3   4  22   6
  22
   1   3   1   2  11
   2   4   1  11  15  10
   3   4   1  10  17  16
   4   4   1  16  25   2
   5   4   2   3  12  11
   6   4   2  25  24   3
   7   3   3   4  12
   8   4   3  24  23   4
   9   4   4   5  13  12
  10   4   4  23  22   5
  11   3   5   6  13
  12   4   5  22  21   6
  13   4   6   7  14  13
  14   4   6  21  20   7
  15   3   7   8  14
  16   4   7  20  19   8
  17   4   8   9  15  14
  18   4   8  19  18   9
  19   3   9  10  15
  20   4   9  18  17  10
  21   5  11  12  13  14  15
  22  10  16  17  18  19  20  21  22  23  24  25
  25
   1 -2.83284291295216e-01 -8.71859401580279e-01 -1.67054887194565e-01
   2 -7.41647904061916e-01 -5.38838743564784e-01 -1.67054887194565e-01
   3 -9.16727225225857e-01  1.63002333446225e-11 -1.67054887194565e-01
   4 -7.41647904833367e-01  5.38838743581660e-01 -1.67054887194565e-01
   5 -2.83284292543451e-01  8.71859401555996e-01 -1.67054887194565e-01
   6  2.83284290965000e-01  8.71859401556002e-01 -1.67054887194565e-01
   7  7.41647903761600e-01  5.38838743581660e-01 -1.67054887194565e-01
   8  9.16727224973926e-01  1.63002333446225e-11 -1.67054887194565e-01
   9  7.41647904629827e-01 -5.38838743564781e-01 -1.67054887194565e-01
  10  2.83284292369810e-01 -8.71859401580279e-01 -1.67054887194565e-01
  11 -2.83284291269779e-01 -3.89907377248581e-01 -4.64917618348307e-01
  12 -4.58363612054341e-01  1.48931365606272e-01 -4.64917618660191e-01
  13  5.95258401165463e-10  4.81952023389584e-01 -4.64917618660191e-01
  14  4.58363613164756e-01  1.48931365496023e-01 -4.64917618660192e-01
  15  2.83284292205843e-01 -3.89907377366421e-01 -4.64917618275478e-01
  16 -2.83284291269779e-01 -8.71859401501992e-01  3.99513696470461e-01
  17  2.83284292342397e-01 -8.71859401501992e-01  3.99513696366737e-01
  18  7.41647904563227e-01 -5.38838743516397e-01  3.99513696470461e-01
  19  9.16727224915196e-01  8.88777805921340e-11  3.99513696445024e-01
  20  7.41647903695006e-01  5.38838743533275e-01  3.99513696470461e-01
  21  2.83284290877826e-01  8.71859401522568e-01  3.99513696445024e-01
  22 -2.83284292518015e-01  8.71859401477713e-01  3.99513696470461e-01
  23 -7.41647904828509e-01  5.38838743488420e-01  3.99513696445024e-01
  24 -9.16727225143540e-01  1.63002333446225e-11  3.99513696470461e-01
  25 -7.41647904015900e-01 -5.38838743501448e-01  3.99513696495900e-01
