  30
   1   4   2  11  10  21
   2   4   3  12   1  30
   3   4   4  12   2  29
   4   4   5  13   3  28
   5   4   6  13   4  27
   6   4   7  14   5  26
   7   4   8  14   6  25
   8   4   9  15   7  24
   9   4  10  15   8  23
  10   4   1  11   9  22
  11   4  16  20  10   1
  12   4  17  16   2   3
  13   4  18  17   4   5
  14   4  19  18   6   7
  15   4  20  19   8   9
  16   4  17  20  11  12
  17   4  18  16  12  13
  18   4  19  17  13  14
  19   4  20  18  14  15
  20   4  16  19  15  11
  21   3   1  22  30
  22   3  10  23  21
  23   3   9  24  22
  24   3   8  25  23
  25   3   7  26  24
  26   3   6  27  25
  27   3   5  28  26
  28   3   4  29  27
  29   3   3  30  28
  30   3   2  21  29
  30
   1   4   1   2   3   4
   2   4   5   1   4   6
   3   4   7   5   6   8
   4   4   9   7   8  10
   5   4  11   9  10  12
   6   4  13  11  12  14
   7   4  15  13  14  16
   8   4  17  15  16  18
   9   4  19  17  18  20
  10   4   2  19  20   3
  11   4  21  19   2   1
  12   4  22   1   5   7
  13   4  23   7   9  11
  14   4  24  11  13  15
  15   4  25  15  17  19
  16   4  26  21   1  22
  17   4  26  22   7  23
  18   4  26  23  11  24
  19   4  26  24  15  25
  20   4  26  25  19  21
  21   3   3  27   4
  22   3  20  27   3
  23   3  18  27  20
  24   3  16  27  18
  25   3  14  27  16
  26   3  12  27  14
  27   3  10  27  12
  28   3   8  27  10
  29   3   6  27   8
  30   3   4  27   6
  27
   1   5   1   2  12  16  11
   2   3   1  11  10
   3   4   1  10  22  21
   4   4   1  21  30   2
   5   3   2   3  12
   6   4   2  30  29   3
   7   5   3   4  13  17  12
   8   4   3  29  28   4
   9   3   4   5  13
  10   4   4  28  27   5
  11   5   5   6  14  18  13
  12   4   5  27  26   6
  13   3   6   7  14
  14   4   6  26  25   7
  15   5   7   8  15  19  14
  16   4   7  25  24   8
  17   3   8   9  15
  18   4   8  24  23   9
  19   5   9  10  11  20  15
  20   4   9  23  22  10
  21   3  11  16  20
  22   3  12  17  16
  23   3  13  18  17
  24   3  14  19  18
  25   3  15  20  19
  26   5  16  17  18  19  20
  27  10  21  22  23  24  25  26  27  28  29  30
  30
   1 -2.60108388598471e-01 -8.00531306947504e-01  1.96843724171696e-02
   2 -6.80972602868515e-01 -4.94755556718565e-01  1.96843724171696e-02
   3 -8.41728428340418e-01  4.71008994928246e-11  1.96843724171696e-02
   4 -6.80972603576853e-01  4.94755556798329e-01  1.96843724171696e-02
   5 -2.60108389744586e-01  8.00531306989476e-01  1.96843724171696e-02
   6  2.60108388129845e-01  8.00531306989481e-01  1.96843724171696e-02
   7  6.80972602427343e-01  4.94755556798329e-01  1.96843724171696e-02
   8  8.41728427943673e-01  4.71008994928246e-11  1.96843724171696e-02
   9  6.80972603224539e-01 -4.94755556718562e-01  1.96843724171696e-02
  10  2.60108389419726e-01 -8.00531306947504e-01  1.96843724171696e-02
  11  4.24111857419690e-10 -7.16016967955382e-01 -4.22838450279990e-01
  12 -6.80972602855763e-01 -2.21261411328134e-01 -4.22838450058571e-01
  13 -4.20864213664585e-01  5.79269895192064e-01 -4.22838450300881e-01
  14  4.20864214611685e-01  5.79269895100631e-01 -4.22838450300881e-01
  15  6.80972603539364e-01 -2.21261411581308e-01 -4.22838450300881e-01
  16 -2.60108388640725e-01 -3.58008483836564e-01 -6.96332595306999e-01
  17 -4.20864213674763e-01  1.36747072469841e-01 -6.96332595537075e-01
  18  4.54156931636339e-10  4.42522822475255e-01 -6.96332595537075e-01
  19  4.20864214522920e-01  1.36747072387044e-01 -6.96332595537075e-01
  20  2.60108389363457e-01 -3.58008483679175e-01 -6.96332595223983e-01
  21 -2.60108388575115e-01 -8.00531306875621e-01  5.39901150435366e-01
  22  2.60108389394555e-01 -8.00531306875621e-01  5.39901150340128e-01
  23  6.80972603163388e-01 -4.94755556674136e-01  5.39901150435366e-01
  24  8.41728427889748e-01  1.13740771300271e-10  5.39901150412010e-01
  25  6.80972602366197e-01  4.94755556753902e-01  5.39901150435366e-01
  26  2.60108388049803e-01  8.00531306958783e-01  5.39901150412010e-01
  27 -2.60108389721230e-01  8.00531306917597e-01  5.39901150435366e-01
  28 -6.80972603572392e-01  4.94755556712717e-01  5.39901150412010e-01
  29 -8.41728428264836e-01  4.71008994928246e-11  5.39901150435366e-01
  30 -6.80972602826264e-01 -4.94755556660411e-01  5.39901150458724e-01
