  15
   1   5   2   8   7   6  13
   2   5   3   9   8   1  15
   3   5   4  10   9   2  15
   4   5   5  11  10   3  14
   5   5   6  12  11   4  14
   6   5   1   7  12   5  13
   7   4   1   8  12   6
   8   4   2   9   7   1
   9   4   3  10   8   2
  10   4   4  11   9   3
  11   4   5  12  10   4
  12   4   6   7  11   5
  13   4  14  15   1   6
  14   4  15  13   5   4
  15   4  13  14   3   2
  15
   1   5   1   2   3   4   5
   2   5   6   7   1   5   8
   3   5   9  10   6   8  11
   4   5  12  13   9  11  14
   5   5  15  16  12  14  17
   6   5   3  18  15  17   4
   7   4   2  19  18   3
   8   4   7  19   2   1
   9   4  10  19   7   6
  10   4  13  19  10   9
  11   4  16  19  13  12
  12   4  18  19  16  15
  13   4  20   5   4  17
  14   4  20  17  14  11
  15   4  20  11   8   5
  20
   1   3   1   2   8
   2   3   1   8   7
   3   3   1   7   6
   4   3   1   6  13
   5   4   1  13  15   2
   6   3   2   3   9
   7   3   2   9   8
   8   3   2  15   3
   9   3   3   4  10
  10   3   3  10   9
  11   4   3  15  14   4
  12   3   4   5  11
  13   3   4  11  10
  14   3   4  14   5
  15   3   5   6  12
  16   3   5  12  11
  17   4   5  14  13   6
  18   3   6   7  12
  19   6   7   8   9  10  11  12
  20   3  13  14  15
  15
   1 -4.14105469692857e-01 -7.17251713375886e-01  1.48200524905885e-01
   2 -8.28210939454363e-01  4.23768517462667e-11  1.48200524905885e-01
   3 -4.14105469886069e-01  7.17251713423454e-01  1.48200524905885e-01
   4  4.14105469465197e-01  7.17251713423454e-01  1.48200524905885e-01
   5  8.28210939291109e-01  4.23785068442044e-11  1.48200524905885e-01
   6  4.14105469787219e-01 -7.17251713375886e-01  1.48200524905885e-01
   7  6.86489109349319e-11 -8.28210939535076e-01 -5.60416487536896e-01
   8 -7.17251713200879e-01 -4.14105469730634e-01 -5.60416487536896e-01
   9 -7.17251713094070e-01  4.14105469728930e-01 -5.60416487561210e-01
  10  1.43016415119203e-10  8.28210939502966e-01 -5.60416487510758e-01
  11  7.17251713282840e-01  4.14105469562120e-01 -5.60416487526585e-01
  12  7.17251713384818e-01 -4.14105469894794e-01 -5.60416487489221e-01
  13  6.86489109349319e-11 -4.78167808827143e-01  8.24431925239755e-01
  14  4.14105469492415e-01  2.39083904477136e-01  8.24431925239755e-01
  15 -4.14105469655673e-01  2.39083904536602e-01  8.24431925246745e-01
