  20
   1   5   2  10   9   8  17
   2   5   3  11  10   1  17
   3   5   4  12  11   2  20
   4   5   5  13  12   3  20
   5   5   6  14  13   4  19
   6   5   7  15  14   5  19
   7   5   8  16  15   6  18
   8   5   1   9  16   7  18
   9   4   1  10  16   8
  10   4   2  11   9   1
  11   4   3  12  10   2
  12   4   4  13  11   3
  13   4   5  14  12   4
  14   4   6  15  13   5
  15   4   7  16  14   6
  16   4   8   9  15   7
  17   4  18  20   2   1
  18   4  19  17   8   7
  19   4  20  18   6   5
  20   4  17  19   4   3
  20
   1   5   1   2   3   4   5
   2   5   6   7   1   5   8
   3   5   9  10   6   8  11
   4   5  12  13   9  11  14
   5   5  15  16  12  14  17
   6   5  18  19  15  17  20
   7   5  21  22  18  20  23
   8   5   3  24  21  23   4
   9   4   2  25  24   3
  10   4   7  25   2   1
  11   4  10  25   7   6
  12   4  13  25  10   9
  13   4  16  25  13  12
  14   4  19  25  16  15
  15   4  22  25  19  18
  16   4  24  25  22  21
  17   4  26   8   5   4
  18   4  26   4  23  20
  19   4  26  20  17  14
  20   4  26  14  11   8
  26
   1   3   1   2  10
   2   3   1  10   9
   3   3   1   9   8
   4   4   1   8  18  17
   5   3   1  17   2
   6   3   2   3  11
   7   3   2  11  10
   8   4   2  17  20   3
   9   3   3   4  12
  10   3   3  12  11
  11   3   3  20   4
  12   3   4   5  13
  13   3   4  13  12
  14   4   4  20  19   5
  15   3   5   6  14
  16   3   5  14  13
  17   3   5  19   6
  18   3   6   7  15
  19   3   6  15  14
  20   4   6  19  18   7
  21   3   7   8  16
  22   3   7  16  15
  23   3   7  18   8
  24   3   8   9  16
  25   8   9  10  11  12  13  14  15  16
  26   4  17  18  19  20
  20
   1 -3.41829477909667e-01 -8.25249362173070e-01  1.38575531756133e-01
   2 -8.25249361918508e-01 -3.41829478099117e-01  1.38575531756133e-01
   3 -8.25249362184221e-01  3.41829478233053e-01  1.38575531756133e-01
   4 -3.41829478551158e-01  8.25249362263598e-01  1.38575531756133e-01
   5  3.41829477484610e-01  8.25249362263598e-01  1.38575531756133e-01
   6  8.25249361536866e-01  3.41829478233060e-01  1.38575531756133e-01
   7  8.25249361863956e-01 -3.41829478099118e-01  1.38575531756133e-01
   8  3.41829478274303e-01 -8.25249362173070e-01  1.38575531756133e-01
   9  2.00039065840741e-10 -8.93243472850767e-01 -4.49573239544937e-01
  10 -6.31618516639536e-01 -6.31618516871695e-01 -4.49573239544937e-01
  11 -8.93243472381580e-01  1.97466577932219e-11 -4.49573239592131e-01
  12 -6.31618516708283e-01  6.31618516939165e-01 -4.49573239524226e-01
  13  2.80246570894533e-10  8.93243472444703e-01 -4.49573239551573e-01
  14  6.31618517210924e-01  6.31618516800191e-01 -4.49573239493678e-01
  15  8.93243472744792e-01 -1.76107926388133e-10 -4.49573239528564e-01
  16  6.31618517128871e-01 -6.31618517118259e-01 -4.49573239476348e-01
  17 -3.41829477878972e-01 -3.41829477898881e-01  6.21995415564739e-01
  18  3.41829478119742e-01 -3.41829478073285e-01  6.21995415390337e-01
  19  3.41829477638448e-01  3.41829478180658e-01  6.21995415626127e-01
  20 -3.41829478310872e-01  3.41829478155595e-01  6.21995415626127e-01
