  25
   1   5   2  11  10  17  16
   2   5   3  11   1  16  25
   3   5   4  12   2  25  24
   4   5   5  12   3  24  23
   5   5   6  13   4  23  22
   6   5   7  13   5  22  21
   7   5   8  14   6  21  20
   8   5   9  14   7  20  19
   9   5  10  15   8  19  18
  10   5   1  15   9  18  17
  11   4  12  15   1   2
  12   4  13  11   3   4
  13   4  14  12   5   6
  14   4  15  13   7   8
  15   4  11  14   9  10
  16   4   1  17  25   2
  17   4  10  18  16   1
  18   4   9  19  17  10
  19   4   8  20  18   9
  20   4   7  21  19   8
  21   4   6  22  20   7
  22   4   5  23  21   6
  23   4   4  24  22   5
  24   4   3  25  23   4
  25   4   2  16  24   3
  25
   1   5   1   2   3   4   5
   2   5   6   1   5   7   8
   3   5   9   6   8  10  11
   4   5  12   9  11  13  14
   5   5  15  12  14  16  17
   6   5  18  15  17  19  20
   7   5  21  18  20  22  23
   8   5  24  21  23  25  26
   9   5  27  24  26  28  29
  10   5   2  27  29  30   3
  11   4  31   2   1   6
  12   4  31   6   9  12
  13   4  31  12  15  18
  14   4  31  18  21  24
  15   4  31  24  27   2
  16   4   4  32   7   5
  17   4  30  32   4   3
  18   4  28  32  30  29
  19   4  25  32  28  26
  20   4  22  32  25  23
  21   4  19  32  22  20
  22   4  16  32  19  17
  23   4  13  32  16  14
  24   4  10  32  13  11
  25   4   7  32  10   8
  32
   1   3   1   2  11
   2   4   1  11  15  10
   3   3   1  10  17
   4   3   1  17  16
   5   3   1  16   2
   6   4   2   3  12  11
   7   3   2  16  25
   8   3   2  25   3
   9   3   3   4  12
  10   3   3  25  24
  11   3   3  24   4
  12   4   4   5  13  12
  13   3   4  24  23
  14   3   4  23   5
  15   3   5   6  13
  16   3   5  23  22
  17   3   5  22   6
  18   4   6   7  14  13
  19   3   6  22  21
  20   3   6  21   7
  21   3   7   8  14
  22   3   7  21  20
  23   3   7  20   8
  24   4   8   9  15  14
  25   3   8  20  19
  26   3   8  19   9
  27   3   9  10  15
  28   3   9  19  18
  29   3   9  18  10
  30   3  10  18  17
  31   5  11  12  13  14  15
  32  10  16  17  18  19  20  21  22  23  24  25
  25
   1 -2.88403904333659e-01 -8.87615950393473e-01 -1.38325768563204e-01
   2 -7.55051225029041e-01 -5.48576826277306e-01 -1.38325768563204e-01
   3 -9.33294641074161e-01  1.40116306088025e-11 -1.38325768563204e-01
   4 -7.55051225814434e-01  5.48576826289321e-01 -1.38325768563204e-01
   5 -2.88403905604452e-01  8.87615950363585e-01 -1.38325768563204e-01
   6  2.88403904004478e-01  8.87615950363590e-01 -1.38325768563204e-01
   7  7.55051224730301e-01  5.48576826289321e-01 -1.38325768563204e-01
   8  9.33294640824681e-01  1.40116306088025e-11 -1.38325768563204e-01
   9  7.55051225614219e-01 -5.48576826277303e-01 -1.38325768563204e-01
  10  2.88403905434677e-01 -8.87615950393473e-01 -1.38325768563204e-01
  11 -2.88403904307762e-01 -3.96953920088345e-01 -4.41571579435738e-01
  12 -4.66647319966647e-01  1.51622905463617e-01 -4.41571579753258e-01
  13  6.09518002746024e-10  4.90662029343404e-01 -4.41571579753258e-01
  14  4.66647321104134e-01  1.51622905351376e-01 -4.41571579753260e-01
  15  2.88403905267747e-01 -3.96953920208315e-01 -4.41571579361593e-01
  16 -5.48576825577929e-01 -7.55051225639555e-01  3.59111558383618e-01
  17  5.65460261798635e-10 -9.33294641399489e-01  3.59111558383618e-01
  18  5.48576826322484e-01 -7.55051225426535e-01  3.59111558446932e-01
  19  8.87615950270490e-01 -2.88403905021320e-01  3.59111558371216e-01
  20  8.87615949235853e-01  2.88403904891494e-01  3.59111558407415e-01
  21  5.48576825427711e-01  7.55051225913839e-01  3.59111558338431e-01
  22 -8.49687533507347e-10  9.33294641118112e-01  3.59111558380216e-01
  23 -5.48576826850022e-01  7.55051225896039e-01  3.59111558315867e-01
  24 -8.87615949932849e-01  2.88403904862885e-01  3.59111558361495e-01
  25 -8.87615950071110e-01 -2.88403905049492e-01  3.59111558300335e-01
