  30
   1   5   2  11  10  22  21
   2   5   3  12   1  21  30
   3   5   4  12   2  30  29
   4   5   5  13   3  29  28
   5   5   6  13   4  28  27
   6   5   7  14   5  27  26
   7   5   8  14   6  26  25
   8   5   9  15   7  25  24
   9   5  10  15   8  24  23
  10   5   1  11   9  23  22
  11   4  16  20  10   1
  12   4  17  16   2   3
  13   4  18  17   4   5
  14   4  19  18   6   7
  15   4  20  19   8   9
  16   4  17  20  11  12
  17   4  18  16  12  13
  18   4  19  17  13  14
  19   4  20  18  14  15
  20   4  16  19  15  11
  21   4   1  22  30   2
  22   4  10  23  21   1
  23   4   9  24  22  10
  24   4   8  25  23   9
  25   4   7  26  24   8
  26   4   6  27  25   7
  27   4   5  28  26   6
  28   4   4  29  27   5
  29   4   3  30  28   4
  30   4   2  21  29   3
  30
   1   5   1   2   3   4   5
   2   5   6   1   5   7   8
   3   5   9   6   8  10  11
   4   5  12   9  11  13  14
   5   5  15  12  14  16  17
   6   5  18  15  17  19  20
   7   5  21  18  20  22  23
   8   5  24  21  23  25  26
   9   5  27  24  26  28  29
  10   5   2  27  29  30   3
  11   4  31  27   2   1
  12   4  32   1   6   9
  13   4  33   9  12  15
  14   4  34  15  18  21
  15   4  35  21  24  27
  16   4  36  31   1  32
  17   4  36  32   9  33
  18   4  36  33  15  34
  19   4  36  34  21  35
  20   4  36  35  27  31
  21   4   4  37   7   5
  22   4  30  37   4   3
  23   4  28  37  30  29
  24   4  25  37  28  26
  25   4  22  37  25  23
  26   4  19  37  22  20
  27   4  16  37  19  17
  28   4  13  37  16  14
  29   4  10  37  13  11
  30   4   7  37  10   8
  37
   1   5   1   2  12  16  11
   2   3   1  11  10
   3   3   1  10  22
   4   3   1  22  21
   5   3   1  21   2
   6   3   2   3  12
   7   3   2  21  30
   8   3   2  30   3
   9   5   3   4  13  17  12
  10   3   3  30  29
  11   3   3  29   4
  12   3   4   5  13
  13   3   4  29  28
  14   3   4  28   5
  15   5   5   6  14  18  13
  16   3   5  28  27
  17   3   5  27   6
  18   3   6   7  14
  19   3   6  27  26
  20   3   6  26   7
  21   5   7   8  15  19  14
  22   3   7  26  25
  23   3   7  25   8
  24   3   8   9  15
  25   3   8  25  24
  26   3   8  24   9
  27   5   9  10  11  20  15
  28   3   9  24  23
  29   3   9  23  10
  30   3  10  23  22
  31   3  11  16  20
  32   3  12  17  16
  33   3  13  18  17
  34   3  14  19  18
  35   3  15  20  19
  36   5  16  17  18  19  20
  37  10  21  22  23  24  25  26  27  28  29  30
  30
   1 -2.66760744037190e-01 -8.21005151812756e-01  4.46591916802084e-02
   2 -6.98388695536099e-01 -5.07409088725590e-01  4.46591916802084e-02
   3 -8.63255902790343e-01  4.63143508293680e-11  4.46591916802084e-02
   4 -6.98388696262553e-01  5.07409088803412e-01  4.46591916802084e-02
   5 -2.66760745212617e-01  8.21005151851819e-01  4.46591916802084e-02
   6  2.66760743561977e-01  8.21005151851824e-01  4.46591916802084e-02
   7  6.98388695089043e-01  5.07409088803412e-01  4.46591916802084e-02
   8  8.63255902388850e-01  4.63143508293680e-11  4.46591916802084e-02
   9  6.98388695906628e-01 -5.07409088725588e-01  4.46591916802084e-02
  10  2.66760744884847e-01 -8.21005151812756e-01  4.46591916802084e-02
  11  4.37657951368284e-10 -7.34329331501629e-01 -4.09181294101111e-01
  12 -6.98388695523021e-01 -2.26920242871682e-01 -4.09181293874029e-01
  13 -4.31627950875266e-01  5.94084908500848e-01 -4.09181294122536e-01
  14  4.31627951851987e-01  5.94084908407076e-01 -4.09181294122536e-01
  15  6.98388696229504e-01 -2.26920243131331e-01 -4.09181294122536e-01
  16 -2.66760744080525e-01 -3.67164665607074e-01 -6.89670139582303e-01
  17 -4.31627950885704e-01  1.40244422693825e-01 -6.89670139818263e-01
  18  4.68471437991892e-10  4.53840485551748e-01 -6.89670139818263e-01
  19  4.31627951760952e-01  1.40244422608910e-01 -6.89670139818263e-01
  20  2.66760744827139e-01 -3.67164665445660e-01 -6.89670139497164e-01
  21 -5.07409088197419e-01 -6.98388695982076e-01  5.04766525221093e-01
  22  4.37657951368284e-10 -8.63255902972535e-01  5.04766525221093e-01
  23  5.07409088715364e-01 -6.98388695785042e-01  5.04766525279655e-01
  24  8.21005151646989e-01 -2.66760744554524e-01  5.04766525209621e-01
  25  8.21005150689996e-01  2.66760744501149e-01  5.04766525243104e-01
  26  5.07409087887739e-01  6.98388696302485e-01  5.04766525179297e-01
  27 -8.71290620426578e-10  8.63255902778982e-01  5.04766525217946e-01
  28 -5.07409089374049e-01  6.98388696286020e-01  5.04766525158425e-01
  29 -8.21005151505421e-01  2.66760744474687e-01  5.04766525200630e-01
  30 -8.21005151633306e-01 -2.66760744580581e-01  5.04766525144060e-01
