   8
   1   4   4   3   2   7
   2   4   1   3   5   8
   3   3   1   6   2
   4   4   5   6   1   7
   5   4   2   6   4   8
   6   3   3   4   5
   7   3   1   8   4
   8   3   7   2   5
   8
   1   4   1   2   3   4
   2   4   2   5   6   3
   3   3   1   5   2
   4   4   7   1   4   8
   5   4   5   7   8   6
   6   3   1   7   5
   7   3   3   8   4
   8   3   3   6   8
   8
   1   4   1   4   6   3
   2   3   1   3   2
   3   4   1   2   8   7
   4   3   1   7   4
   5   4   2   3   6   5
   6   3   2   5   8
   7   3   4   5   6
   8   4   4   7   8   5
   8
   1 -2.50000000048098e-01 -4.33012701919675e-01  5.00000000010682e-01
   2  2.50000000003635e-01  4.33012701894505e-01  5.00000000010682e-01
   3  7.49999999951683e-01 -4.33012701919675e-01  5.00000000010682e-01
   4 -2.50000000003201e-01 -4.33012701893754e-01 -4.99999999989100e-01
   5  2.50000000013123e-01  4.33012701859097e-01 -5.00000000008080e-01
   6  7.49999999951683e-01 -4.33012701893754e-01 -5.00000000034000e-01
   7 -9.99999999988341e-01  1.98159821884715e-11 -1.16570086916542e-11
   8 -4.99999999880485e-01  8.66025403853441e-01  1.07910347324468e-11
