  12
   1   4   2   7   6  10
   2   4   3   7   1  10
   3   4   4   8   2  12
   4   4   5   8   3  12
   5   4   6   9   4  11
   6   4   1   9   5  11
   7   4   8   9   1   2
   8   4   9   7   3   4
   9   4   7   8   5   6
  10   4  11  12   2   1
  11   4  12  10   6   5
  12   4  10  11   4   3
  12
   1   4   1   2   3   4
   2   4   5   1   4   6
   3   4   7   5   6   8
   4   4   9   7   8  10
   5   4  11   9  10  12
   6   4   2  11  12   3
   7   4  13   2   1   5
   8   4  13   5   7   9
   9   4  13   9  11   2
  10   4  14   6   4   3
  11   4  14   3  12  10
  12   4  14  10   8   6
  14
   1   3   1   2   7
   2   4   1   7   9   6
   3   4   1   6  11  10
   4   3   1  10   2
   5   4   2   3   8   7
   6   4   2  10  12   3
   7   3   3   4   8
   8   3   3  12   4
   9   4   4   5   9   8
  10   4   4  12  11   5
  11   3   5   6   9
  12   3   5  11   6
  13   3   7   8   9
  14   3  10  11  12
  12
   1 -5.00000000008418e-01 -8.66025403779578e-01  5.08852219584913e-16
   2 -9.99999999999997e-01  1.09998343759349e-10  5.08852219584913e-16
   3 -4.99999999930659e-01  8.66025403775097e-01  5.08852219584913e-16
   4  5.00000000000648e-01  8.66025403685307e-01  5.08852219584913e-16
   5  9.99999999914465e-01 -6.95846713535343e-11  5.08852219584913e-16
   6  4.99999999922898e-01 -8.66025403779578e-01  5.08852219584913e-16
   7 -4.99999999963522e-01 -2.88675134444054e-01 -8.16496580825097e-01
   8  3.50026674287680e-11  5.77350269068445e-01 -8.16496580825097e-01
   9  4.99999999888336e-01 -2.88675134438087e-01 -8.16496580833536e-01
  10 -4.99999999885760e-01 -2.88675134578743e-01  8.16496580825096e-01
  11  4.99999999877992e-01 -2.88675134563773e-01  8.16496580825096e-01
  12  1.49016687867910e-10  5.77350269014555e-01  8.16496580833535e-01
