  16
   1   4   2   9   8  14
   2   4   3  10   1  13
   3   4   4  10   2  13
   4   4   5  11   3  16
   5   4   6  11   4  16
   6   4   7  12   5  15
   7   4   8  12   6  15
   8   4   1   9   7  14
   9   4  10  12   8   1
  10   4  11   9   2   3
  11   4  12  10   4   5
  12   4   9  11   6   7
  13   4  14  16   3   2
  14   4  15  13   1   8
  15   4  16  14   7   6
  16   4  13  15   5   4
  16
   1   4   1   2   3   4
   2   4   5   1   4   6
   3   4   7   5   6   8
   4   4   9   7   8  10
   5   4  11   9  10  12
   6   4  13  11  12  14
   7   4  15  13  14  16
   8   4   2  15  16   3
   9   4  17  15   2   1
  10   4  17   1   5   7
  11   4  17   7   9  11
  12   4  17  11  13  15
  13   4  18   8   6   4
  14   4  18   4   3  16
  15   4  18  16  14  12
  16   4  18  12  10   8
  18
   1   4   1   2  10   9
   2   3   1   9   8
   3   3   1   8  14
   4   4   1  14  13   2
   5   3   2   3  10
   6   3   2  13   3
   7   4   3   4  11  10
   8   4   3  13  16   4
   9   3   4   5  11
  10   3   4  16   5
  11   4   5   6  12  11
  12   4   5  16  15   6
  13   3   6   7  12
  14   3   6  15   7
  15   4   7   8   9  12
  16   4   7  15  14   8
  17   4   9  10  11  12
  18   4  13  14  15  16
  16
   1 -3.82683432372000e-01 -9.23879532508421e-01 -3.87688361422794e-16
   2 -9.23879532559970e-01 -3.82683432247558e-01 -3.87688361422794e-16
   3 -9.23879532456879e-01  3.82683432427321e-01 -3.87688361422794e-16
   4 -3.82683432289035e-01  9.23879532473671e-01 -3.87688361422794e-16
   5  3.82683432385848e-01  9.23879532404949e-01 -3.87688361422794e-16
   6  9.23879532456498e-01  3.82683432261404e-01 -3.87688361422794e-16
   7  9.23879532422141e-01 -3.82683432413475e-01 -3.87688361422794e-16
   8  3.82683432302882e-01 -9.23879532508421e-01 -3.87688361422794e-16
   9 -1.47201765704584e-11 -5.41196099822256e-01 -5.41196099963804e-01
  10 -5.41196100194099e-01  1.53894902548978e-10 -5.41196099768557e-01
  11  3.38760178323428e-11  5.41196100016259e-01 -5.41196100032528e-01
  12  5.41196100016253e-01 -7.86924525216516e-11 -5.41196100032528e-01
  13 -5.41196099822258e-01  5.81781512413418e-11  5.41196099963805e-01
  14  8.09996337576739e-11 -5.41196100194094e-01  5.41196099768558e-01
  15  5.41196100016261e-01 -3.90159370200915e-11  5.41196100032529e-01
  16 -5.79675886638939e-12  5.41196100016259e-01  5.41196100032528e-01
