  16
   1   4   2   9   8  13
   2   4   3  10   1  13
   3   4   4  10   2  16
   4   4   5  11   3  16
   5   4   6  11   4  15
   6   4   7  12   5  15
   7   4   8  12   6  14
   8   4   1   9   7  14
   9   4  10  12   8   1
  10   4  11   9   2   3
  11   4  12  10   4   5
  12   4   9  11   6   7
  13   4  14  16   2   1
  14   4  15  13   8   7
  15   4  16  14   6   5
  16   4  13  15   4   3
  16
   1   4   1   2   3   4
   2   4   5   1   4   6
   3   4   7   5   6   8
   4   4   9   7   8  10
   5   4  11   9  10  12
   6   4  13  11  12  14
   7   4  15  13  14  16
   8   4   2  15  16   3
   9   4  17  15   2   1
  10   4  17   1   5   7
  11   4  17   7   9  11
  12   4  17  11  13  15
  13   4  18   6   4   3
  14   4  18   3  16  14
  15   4  18  14  12  10
  16   4  18  10   8   6
  18
   1   4   1   2  10   9
   2   3   1   9   8
   3   4   1   8  14  13
   4   3   1  13   2
   5   3   2   3  10
   6   4   2  13  16   3
   7   4   3   4  11  10
   8   3   3  16   4
   9   3   4   5  11
  10   4   4  16  15   5
  11   4   5   6  12  11
  12   3   5  15   6
  13   3   6   7  12
  14   4   6  15  14   7
  15   4   7   8   9  12
  16   3   7  14   8
  17   4   9  10  11  12
  18   4  13  14  15  16
  16
   1 -3.82683431942935e-01 -9.23879532385820e-01 -5.31079946999472e-18
   2 -9.23879531972910e-01 -3.82683432282952e-01 -5.31079946999472e-18
   3 -9.23879532270380e-01  3.82683432334405e-01 -5.31079946999472e-18
   4 -3.82683432661095e-01  9.23879532388677e-01 -5.31079946999472e-18
   5  3.82683431624436e-01  9.23879532388677e-01 -5.31079946999472e-18
   6  9.23879531703014e-01  3.82683432334413e-01 -5.31079946999472e-18
   7  9.23879532069196e-01 -3.82683432282953e-01 -5.31079946999472e-18
   8  3.82683432508509e-01 -9.23879532385820e-01 -5.31079946999472e-18
   9  3.02625796035458e-10 -5.41196099811374e-01 -5.41196099805809e-01
  10 -5.41196099718759e-01  6.78235827353661e-12 -5.41196099610562e-01
  11  3.51221990424072e-10  5.41196099711152e-01 -5.41196099874533e-01
  12  5.41196100175605e-01 -2.25804996729193e-10 -5.41196099874533e-01
  13 -3.82683431908573e-01 -3.82683432058785e-01  5.41196099805809e-01
  14  3.82683432335475e-01 -3.82683432254033e-01  5.41196099610562e-01
  15  3.82683431796660e-01  3.82683432275748e-01  5.41196099874533e-01
  16 -3.82683432392091e-01  3.82683432247689e-01  5.41196099874533e-01
