  20
   1   4   2  11  10  16
   2   4   3  11   1  16
   3   4   4  12   2  20
   4   4   5  12   3  20
   5   4   6  13   4  19
   6   4   7  13   5  19
   7   4   8  14   6  18
   8   4   9  14   7  18
   9   4  10  15   8  17
  10   4   1  15   9  17
  11   4  12  15   1   2
  12   4  13  11   3   4
  13   4  14  12   5   6
  14   4  15  13   7   8
  15   4  11  14   9  10
  16   4  17  20   2   1
  17   4  18  16  10   9
  18   4  19  17   8   7
  19   4  20  18   6   5
  20   4  16  19   4   3
  20
   1   4   1   2   3   4
   2   4   5   1   4   6
   3   4   7   5   6   8
   4   4   9   7   8  10
   5   4  11   9  10  12
   6   4  13  11  12  14
   7   4  15  13  14  16
   8   4  17  15  16  18
   9   4  19  17  18  20
  10   4   2  19  20   3
  11   4  21   2   1   5
  12   4  21   5   7   9
  13   4  21   9  11  13
  14   4  21  13  15  17
  15   4  21  17  19   2
  16   4  22   6   4   3
  17   4  22   3  20  18
  18   4  22  18  16  14
  19   4  22  14  12  10
  20   4  22  10   8   6
  22
   1   3   1   2  11
   2   4   1  11  15  10
   3   4   1  10  17  16
   4   3   1  16   2
   5   4   2   3  12  11
   6   4   2  16  20   3
   7   3   3   4  12
   8   3   3  20   4
   9   4   4   5  13  12
  10   4   4  20  19   5
  11   3   5   6  13
  12   3   5  19   6
  13   4   6   7  14  13
  14   4   6  19  18   7
  15   3   7   8  14
  16   3   7  18   8
  17   4   8   9  15  14
  18   4   8  18  17   9
  19   3   9  10  15
  20   3   9  17  10
  21   5  11  12  13  14  15
  22   5  16  17  18  19  20
  20
   1 -3.09016994397808e-01 -9.51056516287726e-01  6.07247674336796e-16
   2 -8.09016994445262e-01 -5.87785252195691e-01  6.07247674336796e-16
   3 -9.99999999961188e-01  4.82415392537820e-11  6.07247674336796e-16
   4 -8.09016994286931e-01  5.87785252240727e-01  6.07247674336796e-16
   5 -3.09016994312420e-01  9.51056516142576e-01  6.07247674336796e-16
   6  3.09016994357583e-01  9.51056516087077e-01  6.07247674336796e-16
   7  8.09016994266863e-01  5.87785252095439e-01  6.07247674336796e-16
   8  9.99999999835563e-01 -1.31346779956815e-10  6.07247674336796e-16
   9  8.09016994214089e-01 -5.87785252340984e-01  6.07247674336796e-16
  10  3.09016994272202e-01 -9.51056516287726e-01  6.07247674336796e-16
  11 -3.09016994370060e-01 -4.25325403527314e-01 -3.24919695723773e-01
  12 -4.99999999919294e-01  1.62459848069713e-01 -3.24919696063987e-01
  13  4.23838292020157e-13  5.25731111908473e-01 -3.24919696063987e-01
  14  4.99999999832763e-01  1.62459847949450e-01 -3.24919696063988e-01
  15  3.09016994093341e-01 -4.25325403655858e-01 -3.24919695644328e-01
  16 -3.09016993820607e-01 -4.25325403926519e-01  3.24919695723772e-01
  17  3.09016994244447e-01 -4.25325404158109e-01  3.24919696063986e-01
  18  4.99999999822856e-01  1.62459847979913e-01  3.24919696063986e-01
  19 -3.16255961105732e-11  5.25731111908467e-01  3.24919696063987e-01
  20 -4.99999999394937e-01  1.62459848081196e-01  3.24919695644327e-01
