  20
   1   4   2  11  10  16
   2   4   3  11   1  20
   3   4   4  12   2  20
   4   4   5  12   3  19
   5   4   6  13   4  19
   6   4   7  13   5  18
   7   4   8  14   6  18
   8   4   9  14   7  17
   9   4  10  15   8  17
  10   4   1  15   9  16
  11   4  12  15   1   2
  12   4  13  11   3   4
  13   4  14  12   5   6
  14   4  15  13   7   8
  15   4  11  14   9  10
  16   4  17  20   1  10
  17   4  18  16   9   8
  18   4  19  17   7   6
  19   4  20  18   5   4
  20   4  16  19   3   2
  20
   1   4   1   2   3   4
   2   4   5   1   4   6
   3   4   7   5   6   8
   4   4   9   7   8  10
   5   4  11   9  10  12
   6   4  13  11  12  14
   7   4  15  13  14  16
   8   4  17  15  16  18
   9   4  19  17  18  20
  10   4   2  19  20   3
  11   4  21   2   1   5
  12   4  21   5   7   9
  13   4  21   9  11  13
  14   4  21  13  15  17
  15   4  21  17  19   2
  16   4  22   4   3  20
  17   4  22  20  18  16
  18   4  22  16  14  12
  19   4  22  12  10   8
  20   4  22   8   6   4
  22
   1   3   1   2  11
   2   4   1  11  15  10
   3   3   1  10  16
   4   4   1  16  20   2
   5   4   2   3  12  11
   6   3   2  20   3
   7   3   3   4  12
   8   4   3  20  19   4
   9   4   4   5  13  12
  10   3   4  19   5
  11   3   5   6  13
  12   4   5  19  18   6
  13   4   6   7  14  13
  14   3   6  18   7
  15   3   7   8  14
  16   4   7  18  17   8
  17   4   8   9  15  14
  18   3   8  17   9
  19   3   9  10  15
  20   4   9  17  16  10
  21   5  11  12  13  14  15
  22   5  16  17  18  19  20
  20
   1 -3.09016993717040e-01 -9.51056516160272e-01 -1.02923334596902e-17
   2 -8.09016993587403e-01 -5.87785252196902e-01 -1.02923334596902e-17
   3 -9.99999999482833e-01 -1.58589763191418e-11 -1.02923334596902e-17
   4 -8.09016994428930e-01  5.87785252148031e-01 -1.02923334596902e-17
   5 -3.09016995078660e-01  9.51056516066503e-01 -1.02923334596902e-17
   6  3.09016993201654e-01  9.51056516066509e-01 -1.02923334596902e-17
   7  8.09016993104634e-01  5.87785252148031e-01 -1.02923334596902e-17
   8  9.99999999052845e-01 -1.58589763191418e-11 -1.02923334596902e-17
   9  8.09016994051727e-01 -5.87785252196899e-01 -1.02923334596902e-17
  10  3.09016994734073e-01 -9.51056516160272e-01 -1.02923334596902e-17
  11 -3.09016993689292e-01 -4.25325403586065e-01 -3.24919695608693e-01
  12 -4.99999999170882e-01  1.62459847802778e-01 -3.24919695948907e-01
  13  5.71743377850285e-10  5.25731111512874e-01 -3.24919695948907e-01
  14  5.00000000226991e-01  1.62459847682515e-01 -3.24919695948908e-01
  15  3.09016994555212e-01 -4.25325403714609e-01 -3.24919695529248e-01
  16  5.24535463355167e-10 -5.25731111504437e-01  3.24919695608693e-01
  17  4.99999999488891e-01 -1.62459848084009e-01  3.24919695948907e-01
  18  3.09016993547933e-01  4.25325403996638e-01  3.24919695948907e-01
  19 -3.09016994650966e-01  4.25325403977801e-01  3.24919695948908e-01
  20 -4.99999999254234e-01 -1.62459847766500e-01  3.24919695529248e-01
