  25
   1   4   2  11  10  16
   2   4   3  11   1  16
   3   4   4  12   2  20
   4   4   5  12   3  20
   5   4   6  13   4  19
   6   4   7  13   5  19
   7   4   8  14   6  18
   8   4   9  14   7  18
   9   4  10  15   8  17
  10   4   1  15   9  17
  11   4  12  15   1   2
  12   4  13  11   3   4
  13   4  14  12   5   6
  14   4  15  13   7   8
  15   4  11  14   9  10
  16   4  21  25   2   1
  17   4  22  21  10   9
  18   4  23  22   8   7
  19   4  24  23   6   5
  20   4  25  24   4   3
  21   4  22  25  16  17
  22   4  23  21  17  18
  23   4  24  22  18  19
  24   4  25  23  19  20
  25   4  21  24  20  16
  25
   1   4   1   2   3   4
   2   4   5   1   4   6
   3   4   7   5   6   8
   4   4   9   7   8  10
   5   4  11   9  10  12
   6   4  13  11  12  14
   7   4  15  13  14  16
   8   4  17  15  16  18
   9   4  19  17  18  20
  10   4   2  19  20   3
  11   4  21   2   1   5
  12   4  21   5   7   9
  13   4  21   9  11  13
  14   4  21  13  15  17
  15   4  21  17  19   2
  16   4  22   6   4   3
  17   4  23   3  20  18
  18   4  24  18  16  14
  19   4  25  14  12  10
  20   4  26  10   8   6
  21   4  27  22   3  23
  22   4  27  23  18  24
  23   4  27  24  14  25
  24   4  27  25  10  26
  25   4  27  26   6  22
  27
   1   3   1   2  11
   2   4   1  11  15  10
   3   5   1  10  17  21  16
   4   3   1  16   2
   5   4   2   3  12  11
   6   5   2  16  25  20   3
   7   3   3   4  12
   8   3   3  20   4
   9   4   4   5  13  12
  10   5   4  20  24  19   5
  11   3   5   6  13
  12   3   5  19   6
  13   4   6   7  14  13
  14   5   6  19  23  18   7
  15   3   7   8  14
  16   3   7  18   8
  17   4   8   9  15  14
  18   5   8  18  22  17   9
  19   3   9  10  15
  20   3   9  17  10
  21   5  11  12  13  14  15
  22   3  16  21  25
  23   3  17  22  21
  24   3  18  23  22
  25   3  19  24  23
  26   3  20  25  24
  27   5  21  22  23  24  25
  25
   1 -3.02402762345269e-01 -9.30700005229077e-01 -2.05791323758367e-01
   2 -7.91700711089449e-01 -5.75204236546942e-01 -2.05791323758367e-01
   3 -9.78595897197169e-01 -9.27674739441259e-12 -2.05791323758367e-01
   4 -7.91700711912964e-01  5.75204236511603e-01 -2.05791323758367e-01
   5 -3.02402763677745e-01  9.30700005149802e-01 -2.05791323758367e-01
   6  3.02402761918550e-01  9.30700005149807e-01 -2.05791323758367e-01
   7  7.91700710694648e-01  5.75204236511603e-01 -2.05791323758367e-01
   8  9.78595896854020e-01 -9.27674739441259e-12 -2.05791323758367e-01
   9  7.91700711621470e-01 -5.75204236546939e-01 -2.05791323758367e-01
  10  3.02402763418169e-01 -9.30700005229077e-01 -2.05791323758367e-01
  11 -3.02402762318115e-01 -4.16221695148577e-01 -5.23756404976641e-01
  12 -4.89297948020853e-01  1.58982540613845e-01 -5.23756405309573e-01
  13  5.98323247458454e-10  5.14478309048128e-01 -5.23756405309573e-01
  14  4.89297949131992e-01  1.58982540496156e-01 -5.23756405309574e-01
  15  3.02402763243136e-01 -4.16221695274370e-01 -5.23756404898896e-01
  16 -4.89297948067057e-01 -6.73460850209188e-01  3.08686985578888e-01
  17  4.89297949025685e-01 -6.73460850337897e-01  3.08686985321465e-01
  18  7.91700710864979e-01  2.57239154737842e-01  3.08686985603175e-01
  19 -8.20525742024136e-10  8.32443391184965e-01  3.08686985603175e-01
  20 -7.91700711609203e-01  2.57239154708025e-01  3.08686985603175e-01
  21  4.59728415772339e-10 -5.14478309284332e-01  6.26652066994421e-01
  22  4.89297948374927e-01 -1.58982540877121e-01  6.26652067261908e-01
  23  3.02402762247196e-01  4.16221695529608e-01  6.26652067261908e-01
  24 -3.02402763230757e-01  4.16221695524424e-01  6.26652067261908e-01
  25 -4.89297948163716e-01 -1.58982540463736e-01  6.26652066897906e-01
