  25
   1   4   2  11  10  17
   2   4   3  11   1  16
   3   4   4  12   2  16
   4   4   5  12   3  20
   5   4   6  13   4  20
   6   4   7  13   5  19
   7   4   8  14   6  19
   8   4   9  14   7  18
   9   4  10  15   8  18
  10   4   1  15   9  17
  11   4  12  15   1   2
  12   4  13  11   3   4
  13   4  14  12   5   6
  14   4  15  13   7   8
  15   4  11  14   9  10
  16   4  21  25   3   2
  17   4  22  21   1  10
  18   4  23  22   9   8
  19   4  24  23   7   6
  20   4  25  24   5   4
  21   4  22  25  16  17
  22   4  23  21  17  18
  23   4  24  22  18  19
  24   4  25  23  19  20
  25   4  21  24  20  16
  25
   1   4   1   2   3   4
   2   4   5   1   4   6
   3   4   7   5   6   8
   4   4   9   7   8  10
   5   4  11   9  10  12
   6   4  13  11  12  14
   7   4  15  13  14  16
   8   4  17  15  16  18
   9   4  19  17  18  20
  10   4   2  19  20   3
  11   4  21   2   1   5
  12   4  21   5   7   9
  13   4  21   9  11  13
  14   4  21  13  15  17
  15   4  21  17  19   2
  16   4  22   8   6   4
  17   4  23   4   3  20
  18   4  24  20  18  16
  19   4  25  16  14  12
  20   4  26  12  10   8
  21   4  27  22   4  23
  22   4  27  23  20  24
  23   4  27  24  16  25
  24   4  27  25  12  26
  25   4  27  26   8  22
  27
   1   3   1   2  11
   2   4   1  11  15  10
   3   3   1  10  17
   4   5   1  17  21  16   2
   5   4   2   3  12  11
   6   3   2  16   3
   7   3   3   4  12
   8   5   3  16  25  20   4
   9   4   4   5  13  12
  10   3   4  20   5
  11   3   5   6  13
  12   5   5  20  24  19   6
  13   4   6   7  14  13
  14   3   6  19   7
  15   3   7   8  14
  16   5   7  19  23  18   8
  17   4   8   9  15  14
  18   3   8  18   9
  19   3   9  10  15
  20   5   9  18  22  17  10
  21   5  11  12  13  14  15
  22   3  16  21  25
  23   3  17  22  21
  24   3  18  23  22
  25   3  19  24  23
  26   3  20  25  24
  27   5  21  22  23  24  25
  25
   1 -3.02402763041618e-01 -9.30700005338609e-01 -2.05791323829668e-01
   2 -7.91700711955329e-01 -5.75204236533301e-01 -2.05791323829668e-01
   3 -9.78595897690228e-01  6.14756746896495e-11 -2.05791323829668e-01
   4 -7.91700711800387e-01  5.75204236605906e-01 -2.05791323829668e-01
   5 -3.02402762958058e-01  9.30700005225099e-01 -2.05791323829668e-01
   6  3.02402763014925e-01  9.30700005170787e-01 -2.05791323829668e-01
   7  7.91700711793419e-01  5.75204236463729e-01 -2.05791323829668e-01
   8  9.78595897579963e-01 -1.14268717770883e-10 -2.05791323829668e-01
   9  7.91700711741775e-01 -5.75204236675484e-01 -2.05791323829668e-01
  10  3.02402762931371e-01 -9.30700005338609e-01 -2.05791323829668e-01
  11 -3.02402763014465e-01 -4.16221695079852e-01 -5.23756405158109e-01
  12 -4.89297948781958e-01  1.58982540881865e-01 -5.23756405491041e-01
  13  6.75000947402812e-12  5.14478309439319e-01 -5.23756405491041e-01
  14  4.89297948709950e-01  1.58982540764176e-01 -5.23756405491042e-01
  15  3.02402762756339e-01 -4.16221695205645e-01 -5.23756405080364e-01
  16 -7.91700711640662e-01 -2.57239154643842e-01  3.08686985685839e-01
  17  1.09088535719545e-10 -8.32443391428134e-01  3.08686985428417e-01
  18  7.91700711679897e-01 -2.57239154849609e-01  3.08686985710127e-01
  19  4.89297948753006e-01  6.73460850317758e-01  3.08686985710127e-01
  20 -4.89297948767700e-01  6.73460850387202e-01  3.08686985710127e-01
  21 -3.02402762702552e-01 -4.16221695624077e-01  6.26652067211538e-01
  22  3.02402762875763e-01 -4.16221695677155e-01  6.26652067479025e-01
  23  4.89297948672446e-01  1.58982540773109e-01  6.26652067479025e-01
  24 -1.33471254521212e-11  5.14478309406418e-01  6.26652067479025e-01
  25 -4.89297948258388e-01  1.58982541011747e-01  6.26652067115023e-01
