  30
   1   4   2  11  10  22
   2   4   3  12   1  21
   3   4   4  12   2  21
   4   4   5  13   3  25
   5   4   6  13   4  25
   6   4   7  14   5  24
   7   4   8  14   6  24
   8   4   9  15   7  23
   9   4  10  15   8  23
  10   4   1  11   9  22
  11   4  16  20  10   1
  12   4  17  16   2   3
  13   4  18  17   4   5
  14   4  19  18   6   7
  15   4  20  19   8   9
  16   4  17  20  11  12
  17   4  18  16  12  13
  18   4  19  17  13  14
  19   4  20  18  14  15
  20   4  16  19  15  11
  21   4  26  30   3   2
  22   4  27  26   1  10
  23   4  28  27   9   8
  24   4  29  28   7   6
  25   4  30  29   5   4
  26   4  27  30  21  22
  27   4  28  26  22  23
  28   4  29  27  23  24
  29   4  30  28  24  25
  30   4  26  29  25  21
  30
   1   4   1   2   3   4
   2   4   5   1   4   6
   3   4   7   5   6   8
   4   4   9   7   8  10
   5   4  11   9  10  12
   6   4  13  11  12  14
   7   4  15  13  14  16
   8   4  17  15  16  18
   9   4  19  17  18  20
  10   4   2  19  20   3
  11   4  21  19   2   1
  12   4  22   1   5   7
  13   4  23   7   9  11
  14   4  24  11  13  15
  15   4  25  15  17  19
  16   4  26  21   1  22
  17   4  26  22   7  23
  18   4  26  23  11  24
  19   4  26  24  15  25
  20   4  26  25  19  21
  21   4  27   8   6   4
  22   4  28   4   3  20
  23   4  29  20  18  16
  24   4  30  16  14  12
  25   4  31  12  10   8
  26   4  32  27   4  28
  27   4  32  28  20  29
  28   4  32  29  16  30
  29   4  32  30  12  31
  30   4  32  31   8  27
  32
   1   5   1   2  12  16  11
   2   3   1  11  10
   3   3   1  10  22
   4   5   1  22  26  21   2
   5   3   2   3  12
   6   3   2  21   3
   7   5   3   4  13  17  12
   8   5   3  21  30  25   4
   9   3   4   5  13
  10   3   4  25   5
  11   5   5   6  14  18  13
  12   5   5  25  29  24   6
  13   3   6   7  14
  14   3   6  24   7
  15   5   7   8  15  19  14
  16   5   7  24  28  23   8
  17   3   8   9  15
  18   3   8  23   9
  19   5   9  10  11  20  15
  20   5   9  23  27  22  10
  21   3  11  16  20
  22   3  12  17  16
  23   3  13  18  17
  24   3  14  19  18
  25   3  15  20  19
  26   5  16  17  18  19  20
  27   3  21  26  30
  28   3  22  27  26
  29   3  23  28  27
  30   3  24  29  28
  31   3  25  30  29
  32   5  26  27  28  29  30
  30
   1 -3.09016994390167e-01 -9.51056516290208e-01  1.72453765145486e-15
   2 -8.09016994449985e-01 -5.87785252189192e-01  1.72453765145486e-15
   3 -9.99999999970632e-01  6.92742657656031e-11  1.72453765145486e-15
   4 -8.09016994291653e-01  5.87785252276293e-01  1.72453765145486e-15
   5 -3.09016994304780e-01  9.51056516187124e-01  1.72453765145486e-15
   6  3.09016994380505e-01  9.51056516131624e-01  1.72453765145486e-15
   7  8.09016994302147e-01  5.87785252131005e-01  1.72453765145486e-15
   8  9.99999999875570e-01 -1.10314053449435e-10  1.72453765145486e-15
   9  8.09016994249374e-01 -5.87785252334484e-01  1.72453765145486e-15
  10  3.09016994295124e-01 -9.51056516290208e-01  1.72453765145486e-15
  11 -3.15018822631228e-11 -8.50650808063369e-01 -5.25731112013908e-01
  12 -8.09016994434835e-01 -2.62865555824054e-01 -5.25731111750854e-01
  13 -4.99999999875873e-01  6.88190960117112e-01 -5.25731112038726e-01
  14  4.99999999930337e-01  6.88190960008487e-01 -5.25731112038726e-01
  15  8.09016994176254e-01 -2.62865556124833e-01 -5.25731112038726e-01
  16 -3.09016994440366e-01 -4.25325403784716e-01 -8.50650807947289e-01
  17 -4.99999999887964e-01  1.62459848073428e-01 -8.50650808220627e-01
  18  4.19261634417160e-12  5.25731111908890e-01 -8.50650808220627e-01
  19  4.99999999824882e-01  1.62459847975062e-01 -8.50650808220627e-01
  20  3.09016994228274e-01 -4.25325403597733e-01 -8.50650807848663e-01
  21 -8.09016994128435e-01 -2.62865555884096e-01  5.25731112013907e-01
  22  1.20281698100027e-10 -8.50650808336222e-01  5.25731111750854e-01
  23  8.09016994186142e-01 -2.62865556094363e-01  5.25731112038725e-01
  24  4.99999999904404e-01  6.88190960027312e-01  5.25731112038725e-01
  25 -4.99999999901806e-01  6.88190960098275e-01  5.25731112038725e-01
  26 -3.09016994043686e-01 -4.25325404072925e-01  8.50650807947286e-01
  27  3.09016994238299e-01 -4.25325404127165e-01  8.50650808220624e-01
  28  4.99999999822082e-01  1.62459847983628e-01  8.50650808220624e-01
  29 -4.83190748337339e-12  5.25731111908884e-01  8.50650808220624e-01
  30 -4.99999999381354e-01  1.62459848227485e-01  8.50650807848660e-01
