  18
   1   4   2   7   6  13
   2   4   3   8   1  15
   3   4   4   9   2  15
   4   4   5  10   3  14
   5   4   6  11   4  14
   6   4   1  12   5  13
   7   4  12   1   8  18
   8   4   7   2   9  16
   9   4   8   3  10  16
  10   4   9   4  11  17
  11   4  10   5  12  17
  12   4  11   6   7  18
  13   4  14  15   1   6
  14   4  15  13   5   4
  15   4  13  14   3   2
  16   4  17  18   8   9
  17   4  18  16  10  11
  18   4  16  17  12   7
  18
   1   4   1   2   3   4
   2   4   5   1   4   6
   3   4   7   5   6   8
   4   4   9   7   8  10
   5   4  11   9  10  12
   6   4   2  11  12   3
   7   4   2   1  13  14
   8   4   1   5  15  13
   9   4   5   7  16  15
  10   4   7   9  17  16
  11   4   9  11  18  17
  12   4  11   2  14  18
  13   4  19   4   3  12
  14   4  19  12  10   8
  15   4  19   8   6   4
  16   4  20  13  15  16
  17   4  20  16  17  18
  18   4  20  18  14  13
  20
   1   4   1   2   8   7
   2   4   1   7  12   6
   3   3   1   6  13
   4   4   1  13  15   2
   5   4   2   3   9   8
   6   3   2  15   3
   7   4   3   4  10   9
   8   4   3  15  14   4
   9   4   4   5  11  10
  10   3   4  14   5
  11   4   5   6  12  11
  12   4   5  14  13   6
  13   4   7   8  16  18
  14   3   7  18  12
  15   3   8   9  16
  16   4   9  10  17  16
  17   3  10  11  17
  18   4  11  12  18  17
  19   3  13  14  15
  20   3  16  17  18
  18
   1 -3.47818484717970e-01 -6.02439287405289e-01  3.47818484793000e-01
   2 -6.95636969497949e-01  1.28542017441192e-10  3.47818484793000e-01
   3 -3.47818484880254e-01  6.02439287631140e-01  3.47818484793000e-01
   4  3.47818484535451e-01  6.02439287631140e-01  3.47818484793000e-01
   5  6.95636969369527e-01  1.28543407603117e-10  3.47818484793000e-01
   6  3.47818484805926e-01 -6.02439287405289e-01  3.47818484793000e-01
   7 -3.47818484686738e-01 -6.02439287351194e-01 -3.47818484730896e-01
   8 -6.95636969455286e-01  1.62836925965542e-10 -3.47818484645569e-01
   9 -3.47818484632643e-01  6.02439287452118e-01 -3.47818484730896e-01
  10  3.47818484868394e-01  6.02439287071208e-01 -3.47818484901549e-01
  11  6.95636969582837e-01 -4.74051472024973e-10 -3.47818484986876e-01
  12  3.47818484814295e-01 -6.02439287669638e-01 -3.47818484901549e-01
  13  6.20099875814156e-11 -4.01626191496854e-01  9.15803691943805e-01
  14  3.47818484558312e-01  2.00813095941240e-01  9.15803691943805e-01
  15 -3.47818484686737e-01  2.00813095991187e-01  9.15803691949675e-01
  16 -3.47818484722717e-01  2.00813095839920e-01 -9.15803691812034e-01
  17  3.47818484661754e-01  2.00813095448604e-01 -9.15803691982688e-01
  18  2.17882395382644e-11 -4.01626191624163e-01 -9.15803691903225e-01
