  18
   1   4   2   7   6  13
   2   4   3   8   1  15
   3   4   4   9   2  15
   4   4   5  10   3  14
   5   4   6  11   4  14
   6   4   1  12   5  13
   7   4  12   1   8  16
   8   4   7   2   9  16
   9   4   8   3  10  17
  10   4   9   4  11  17
  11   4  10   5  12  18
  12   4  11   6   7  18
  13   4  14  15   1   6
  14   4  15  13   5   4
  15   4  13  14   3   2
  16   4  17  18   7   8
  17   4  18  16   9  10
  18   4  16  17  11  12
  18
   1   4   1   2   3   4
   2   4   5   1   4   6
   3   4   7   5   6   8
   4   4   9   7   8  10
   5   4  11   9  10  12
   6   4   2  11  12   3
   7   4   2   1  13  14
   8   4   1   5  15  13
   9   4   5   7  16  15
  10   4   7   9  17  16
  11   4   9  11  18  17
  12   4  11   2  14  18
  13   4  19   4   3  12
  14   4  19  12  10   8
  15   4  19   8   6   4
  16   4  20  14  13  15
  17   4  20  15  16  17
  18   4  20  17  18  14
  20
   1   4   1   2   8   7
   2   4   1   7  12   6
   3   3   1   6  13
   4   4   1  13  15   2
   5   4   2   3   9   8
   6   3   2  15   3
   7   4   3   4  10   9
   8   4   3  15  14   4
   9   4   4   5  11  10
  10   3   4  14   5
  11   4   5   6  12  11
  12   4   5  14  13   6
  13   3   7   8  16
  14   4   7  16  18  12
  15   4   8   9  17  16
  16   3   9  10  17
  17   4  10  11  18  17
  18   3  11  12  18
  19   3  13  14  15
  20   3  16  17  18
  18
   1 -3.47818484716312e-01 -6.02439287491945e-01  3.47818484798353e-01
   2 -6.95636969501646e-01  5.11598896073507e-11  3.47818484798353e-01
   3 -3.47818484878596e-01  6.02439287563032e-01  3.47818484798353e-01
   4  3.47818484547818e-01  6.02439287563032e-01  3.47818484798353e-01
   5  6.95636969387248e-01  5.11612797692753e-11  3.47818484798353e-01
   6  3.47818484818293e-01 -6.02439287491945e-01  3.47818484798353e-01
   7 -3.47818484685080e-01 -6.02439287437850e-01 -3.47818484736251e-01
   8 -6.95636969458982e-01  8.54547981322284e-11 -3.47818484650924e-01
   9 -3.47818484630985e-01  6.02439287384010e-01 -3.47818484736251e-01
  10  3.47818484880754e-01  6.02439287252945e-01 -3.47818484906905e-01
  11  6.95636969600565e-01 -1.76660541684273e-10 -3.47818484992232e-01
  12  3.47818484826661e-01 -6.02439287506445e-01 -3.47818484906905e-01
  13  6.90221574083196e-11 -4.01626191580418e-01  9.15803691957902e-01
  14  3.47818484570679e-01  2.00813095866949e-01  9.15803691957902e-01
  15 -3.47818484685080e-01  2.00813095916896e-01  9.15803691963772e-01
  16 -3.47818484793186e-01 -2.00813095725778e-01 -9.15803691826126e-01
  17 -1.44529342963886e-11  4.01626191466624e-01 -9.15803691911453e-01
  18  3.47818484663280e-01 -2.00813095790222e-01 -9.15803692002651e-01
