  24
   1   4   2   9   8  17
   2   4   3  10   1  17
   3   4   4  11   2  20
   4   4   5  12   3  20
   5   4   6  13   4  19
   6   4   7  14   5  19
   7   4   8  15   6  18
   8   4   1  16   7  18
   9   4  16   1  10  21
  10   4   9   2  11  22
  11   4  10   3  12  22
  12   4  11   4  13  23
  13   4  12   5  14  23
  14   4  13   6  15  24
  15   4  14   7  16  24
  16   4  15   8   9  21
  17   4  18  20   2   1
  18   4  19  17   8   7
  19   4  20  18   6   5
  20   4  17  19   4   3
  21   4  22  24  16   9
  22   4  23  21  10  11
  23   4  24  22  12  13
  24   4  21  23  14  15
  24
   1   4   1   2   3   4
   2   4   5   1   4   6
   3   4   7   5   6   8
   4   4   9   7   8  10
   5   4  11   9  10  12
   6   4  13  11  12  14
   7   4  15  13  14  16
   8   4   2  15  16   3
   9   4   2   1  17  18
  10   4   1   5  19  17
  11   4   5   7  20  19
  12   4   7   9  21  20
  13   4   9  11  22  21
  14   4  11  13  23  22
  15   4  13  15  24  23
  16   4  15   2  18  24
  17   4  25   6   4   3
  18   4  25   3  16  14
  19   4  25  14  12  10
  20   4  25  10   8   6
  21   4  26  24  18  17
  22   4  26  17  19  20
  23   4  26  20  21  22
  24   4  26  22  23  24
  26
   1   4   1   2  10   9
   2   4   1   9  16   8
   3   4   1   8  18  17
   4   3   1  17   2
   5   4   2   3  11  10
   6   4   2  17  20   3
   7   4   3   4  12  11
   8   3   3  20   4
   9   4   4   5  13  12
  10   4   4  20  19   5
  11   4   5   6  14  13
  12   3   5  19   6
  13   4   6   7  15  14
  14   4   6  19  18   7
  15   4   7   8  16  15
  16   3   7  18   8
  17   4   9  10  22  21
  18   3   9  21  16
  19   3  10  11  22
  20   4  11  12  23  22
  21   3  12  13  23
  22   4  13  14  24  23
  23   3  14  15  24
  24   4  15  16  21  24
  25   4  17  18  19  20
  26   4  21  22  23  24
  24
   1 -3.57406743988550e-01 -8.62856209184783e-01  3.57406744292646e-01
   2 -8.62856208957565e-01 -3.57406744147688e-01  3.57406744292646e-01
   3 -8.62856209235386e-01  3.57406744353854e-01  3.57406744292646e-01
   4 -3.57406744659274e-01  8.62856209345562e-01  3.57406744292646e-01
   5  3.57406743532359e-01  8.62856209345562e-01  3.57406744292646e-01
   6  8.62856208546767e-01  3.57406744353861e-01  3.57406744292646e-01
   7  8.62856208888763e-01 -3.57406744147690e-01  3.57406744292646e-01
   8  3.57406744358038e-01 -8.62856209184783e-01  3.57406744292646e-01
   9 -3.57406743956457e-01 -8.62856209107304e-01 -3.57406744053941e-01
  10 -8.62856208893380e-01 -3.57406744102302e-01 -3.57406743944370e-01
  11 -8.62856208783808e-01  3.57406744166809e-01 -3.57406744053941e-01
  12 -3.57406743846885e-01  8.62856208926095e-01 -3.57406744318472e-01
  13  3.57406744467612e-01  8.62856208829817e-01 -3.57406744583003e-01
  14  8.62856209294963e-01  3.57406743934380e-01 -3.57406744692570e-01
  15  8.62856209249572e-01 -3.57406744334729e-01 -3.57406744583003e-01
  16  3.57406744358038e-01 -8.62856209139393e-01 -3.57406744318472e-01
  17 -3.57406743956456e-01 -3.57406743938328e-01  8.62856209052302e-01
  18  3.57406744196434e-01 -3.57406744120679e-01  8.62856208869952e-01
  19  3.57406743693208e-01  3.57406744299071e-01  8.62856209116487e-01
  20 -3.57406744408038e-01  3.57406744272866e-01  8.62856209116487e-01
  21  3.89159995895781e-11 -5.05449464740580e-01 -8.62856208923173e-01
  22 -5.05449464889984e-01 -1.48165566787104e-12 -8.62856208631250e-01
  23  1.03101926259570e-10  5.05449464585956e-01 -8.62856209142313e-01
  24  5.05449464848010e-01 -2.64089766591707e-10 -8.62856209251887e-01
