  30
   1   4   2  11  10  16
   2   4   3  11   1  25
   3   4   4  12   2  24
   4   4   5  12   3  23
   5   4   6  13   4  22
   6   4   7  13   5  21
   7   4   8  14   6  20
   8   4   9  14   7  19
   9   4  10  15   8  18
  10   4   1  15   9  17
  11   4  12  15   1   2
  12   4  13  11   3   4
  13   4  14  12   5   6
  14   4  15  13   7   8
  15   4  11  14   9  10
  16   4  25   1  17  26
  17   4  16  10  18  27
  18   4  17   9  19  27
  19   4  18   8  20  28
  20   4  19   7  21  28
  21   4  20   6  22  29
  22   4  21   5  23  29
  23   4  22   4  24  30
  24   4  23   3  25  30
  25   4  24   2  16  26
  26   4  27  30  25  16
  27   4  28  26  17  18
  28   4  29  27  19  20
  29   4  30  28  21  22
  30   4  26  29  23  24
  30
   1   4   1   2   3   4
   2   4   5   1   4   6
   3   4   7   5   6   8
   4   4   9   7   8  10
   5   4  11   9  10  12
   6   4  13  11  12  14
   7   4  15  13  14  16
   8   4  17  15  16  18
   9   4  19  17  18  20
  10   4   2  19  20   3
  11   4  21   2   1   5
  12   4  21   5   7   9
  13   4  21   9  11  13
  14   4  21  13  15  17
  15   4  21  17  19   2
  16   4   4   3  22  23
  17   4   3  20  24  22
  18   4  20  18  25  24
  19   4  18  16  26  25
  20   4  16  14  27  26
  21   4  14  12  28  27
  22   4  12  10  29  28
  23   4  10   8  30  29
  24   4   8   6  31  30
  25   4   6   4  23  31
  26   4  32  31  23  22
  27   4  32  22  24  25
  28   4  32  25  26  27
  29   4  32  27  28  29
  30   4  32  29  30  31
  32
   1   3   1   2  11
   2   4   1  11  15  10
   3   4   1  10  17  16
   4   4   1  16  25   2
   5   4   2   3  12  11
   6   4   2  25  24   3
   7   3   3   4  12
   8   4   3  24  23   4
   9   4   4   5  13  12
  10   4   4  23  22   5
  11   3   5   6  13
  12   4   5  22  21   6
  13   4   6   7  14  13
  14   4   6  21  20   7
  15   3   7   8  14
  16   4   7  20  19   8
  17   4   8   9  15  14
  18   4   8  19  18   9
  19   3   9  10  15
  20   4   9  18  17  10
  21   5  11  12  13  14  15
  22   4  16  17  27  26
  23   3  16  26  25
  24   3  17  18  27
  25   4  18  19  28  27
  26   3  19  20  28
  27   4  20  21  29  28
  28   3  21  22  29
  29   4  22  23  30  29
  30   3  23  24  30
  31   4  24  25  26  30
  32   5  26  27  28  29  30
  30
   1 -2.95241808441906e-01 -9.08660854175527e-01 -2.95241808539670e-01
   2 -7.72953089850545e-01 -5.61583292071783e-01 -2.95241808539670e-01
   3 -9.55422562845015e-01  9.88335082055427e-11 -2.95241808539670e-01
   4 -7.72953090654560e-01  5.61583292253062e-01 -2.95241808539670e-01
   5 -2.95241809742829e-01  9.08660854313910e-01 -2.95241808539670e-01
   6  2.95241807401231e-01  9.08660854313916e-01 -2.95241808539670e-01
   7  7.72953088841034e-01  5.61583292253062e-01 -2.95241808539670e-01
   8  9.55422561885931e-01  9.88335082055427e-11 -2.95241808539670e-01
   9  7.72953089745908e-01 -5.61583292071780e-01 -2.95241808539670e-01
  10  2.95241808865339e-01 -9.08660854175527e-01 -2.95241808539670e-01
  11 -2.95241808415395e-01 -4.06365487116866e-01 -6.05677416908426e-01
  12 -4.77711281014472e-01  1.55217804296865e-01 -6.05677417233474e-01
  13  2.72124750247572e-10  5.02295366158625e-01 -6.05677417233474e-01
  14  4.77711281475239e-01  1.55217804181963e-01 -6.05677417233475e-01
  15  2.95241808694451e-01 -4.06365487239681e-01 -6.05677416832522e-01
  16 -2.95241808415395e-01 -9.08660854093935e-01  2.95241808767574e-01
  17  2.95241808836768e-01 -9.08660854093935e-01  2.95241808659472e-01
  18  7.72953090076869e-01 -5.61583292144590e-01  2.95241808511071e-01
  19  9.55422562690547e-01 -1.70769433885425e-10  2.95241808379057e-01
  20  7.72953090052493e-01  5.61583291819435e-01  2.95241808313853e-01
  21  2.95241808797320e-01  9.08660853811674e-01  2.95241808340366e-01
  22 -2.95241808454840e-01  9.08660853864699e-01  2.95241808448468e-01
  23 -7.72953089726112e-01  5.61583291958246e-01  2.95241808596869e-01
  24 -9.55422562390218e-01  8.13298290526640e-13  2.95241808728883e-01
  25 -7.72953089802587e-01 -5.61583292005775e-01  2.95241808794087e-01
  26 -2.95241807840543e-01 -4.06365487384726e-01  6.05677417005234e-01
  27  2.95241808833632e-01 -4.06365487605992e-01  6.05677417222177e-01
  28  4.77711281406164e-01  1.55217804299410e-01  6.05677417090163e-01
  29  2.03342830214597e-10  5.02295366231373e-01  6.05677417116676e-01
  30 -4.77711280483976e-01  1.55217804396173e-01  6.05677416864126e-01
