  30
   1   4   2  11  10  16
   2   4   3  11   1  25
   3   4   4  12   2  24
   4   4   5  12   3  23
   5   4   6  13   4  22
   6   4   7  13   5  21
   7   4   8  14   6  20
   8   4   9  14   7  19
   9   4  10  15   8  18
  10   4   1  15   9  17
  11   4  12  15   1   2
  12   4  13  11   3   4
  13   4  14  12   5   6
  14   4  15  13   7   8
  15   4  11  14   9  10
  16   4  25   1  17  26
  17   4  16  10  18  26
  18   4  17   9  19  27
  19   4  18   8  20  27
  20   4  19   7  21  28
  21   4  20   6  22  28
  22   4  21   5  23  29
  23   4  22   4  24  29
  24   4  23   3  25  30
  25   4  24   2  16  30
  26   4  27  30  16  17
  27   4  28  26  18  19
  28   4  29  27  20  21
  29   4  30  28  22  23
  30   4  26  29  24  25
  30
   1   4   1   2   3   4
   2   4   5   1   4   6
   3   4   7   5   6   8
   4   4   9   7   8  10
   5   4  11   9  10  12
   6   4  13  11  12  14
   7   4  15  13  14  16
   8   4  17  15  16  18
   9   4  19  17  18  20
  10   4   2  19  20   3
  11   4  21   2   1   5
  12   4  21   5   7   9
  13   4  21   9  11  13
  14   4  21  13  15  17
  15   4  21  17  19   2
  16   4   4   3  22  23
  17   4   3  20  24  22
  18   4  20  18  25  24
  19   4  18  16  26  25
  20   4  16  14  27  26
  21   4  14  12  28  27
  22   4  12  10  29  28
  23   4  10   8  30  29
  24   4   8   6  31  30
  25   4   6   4  23  31
  26   4  32  23  22  24
  27   4  32  24  25  26
  28   4  32  26  27  28
  29   4  32  28  29  30
  30   4  32  30  31  23
  32
   1   3   1   2  11
   2   4   1  11  15  10
   3   4   1  10  17  16
   4   4   1  16  25   2
   5   4   2   3  12  11
   6   4   2  25  24   3
   7   3   3   4  12
   8   4   3  24  23   4
   9   4   4   5  13  12
  10   4   4  23  22   5
  11   3   5   6  13
  12   4   5  22  21   6
  13   4   6   7  14  13
  14   4   6  21  20   7
  15   3   7   8  14
  16   4   7  20  19   8
  17   4   8   9  15  14
  18   4   8  19  18   9
  19   3   9  10  15
  20   4   9  18  17  10
  21   5  11  12  13  14  15
  22   3  16  17  26
  23   4  16  26  30  25
  24   4  17  18  27  26
  25   3  18  19  27
  26   4  19  20  28  27
  27   3  20  21  28
  28   4  21  22  29  28
  29   3  22  23  29
  30   4  23  24  30  29
  31   3  24  25  30
  32   5  26  27  28  29  30
  30
   1 -2.95241808139989e-01 -9.08660854499669e-01 -2.95241808601655e-01
   2 -7.72953089648922e-01 -5.61583292323058e-01 -2.95241808601655e-01
   3 -9.55422562681700e-01 -3.45396757396880e-11 -2.95241808601655e-01
   4 -7.72953090452936e-01  5.61583292237591e-01 -2.95241808601655e-01
   5 -2.95241809440912e-01  9.08660854371305e-01 -2.95241808601655e-01
   6  2.95241807827116e-01  9.08660854371311e-01 -2.95241808601655e-01
   7  7.72953089367212e-01  5.61583292237591e-01 -2.95241808601655e-01
   8  9.55422562450418e-01 -3.45396757396880e-11 -2.95241808601655e-01
   9  7.72953090272086e-01 -5.61583292323055e-01 -2.95241808601655e-01
  10  2.95241809291224e-01 -9.08660854499669e-01 -2.95241808601655e-01
  11 -2.95241808113479e-01 -4.06365487335554e-01 -6.05677417035585e-01
  12 -4.77711280750864e-01  1.55217804196079e-01 -6.05677417360634e-01
  13  6.36025518844092e-10  5.02295366130706e-01 -6.05677417360634e-01
  14  4.77711281939432e-01  1.55217804081177e-01 -6.05677417360635e-01
  15  2.95241809120336e-01 -4.06365487458368e-01 -6.05677416959682e-01
  16 -2.95241808113479e-01 -9.08660854418077e-01  2.95241808829558e-01
  17  2.95241809262653e-01 -9.08660854418077e-01  2.95241808721456e-01
  18  7.72953090175838e-01 -5.61583292257046e-01  2.95241808573055e-01
  19  9.55422562299750e-01  6.25687695153475e-12  2.95241808441041e-01
  20  7.72953089196172e-01  5.61583292253174e-01  2.95241808375837e-01
  21  2.95241807677520e-01  9.08660854371311e-01  2.95241808402350e-01
  22 -2.95241809535428e-01  9.08660854371305e-01  2.95241808510452e-01
  23 -7.72953090479776e-01  5.61583292253174e-01  2.95241808658853e-01
  24 -9.55422562654119e-01  6.25097683496512e-12  2.95241808790867e-01
  25 -7.72953089600964e-01 -5.61583292257049e-01  2.95241808856071e-01
  26  6.19662594447850e-10 -5.02295366043563e-01  6.05677417095186e-01
  27  4.77711281195305e-01 -1.55217804401271e-01  6.05677417271835e-01
  28  2.95241808098646e-01  4.06365487766108e-01  6.05677417206634e-01
  29 -2.95241809036515e-01  4.06365487748116e-01  6.05677417314733e-01
  30 -4.77711280780312e-01 -1.55217804097922e-01  6.05677417045798e-01
