  35
   1   4   2  11  10  16
   2   4   3  11   1  25
   3   4   4  12   2  24
   4   4   5  12   3  23
   5   4   6  13   4  22
   6   4   7  13   5  21
   7   4   8  14   6  20
   8   4   9  14   7  19
   9   4  10  15   8  18
  10   4   1  15   9  17
  11   4  12  15   1   2
  12   4  13  11   3   4
  13   4  14  12   5   6
  14   4  15  13   7   8
  15   4  11  14   9  10
  16   4  25   1  17  26
  17   4  16  10  18  27
  18   4  17   9  19  27
  19   4  18   8  20  28
  20   4  19   7  21  28
  21   4  20   6  22  29
  22   4  21   5  23  29
  23   4  22   4  24  30
  24   4  23   3  25  30
  25   4  24   2  16  26
  26   4  31  35  25  16
  27   4  32  31  17  18
  28   4  33  32  19  20
  29   4  34  33  21  22
  30   4  35  34  23  24
  31   4  32  35  26  27
  32   4  33  31  27  28
  33   4  34  32  28  29
  34   4  35  33  29  30
  35   4  31  34  30  26
  35
   1   4   1   2   3   4
   2   4   5   1   4   6
   3   4   7   5   6   8
   4   4   9   7   8  10
   5   4  11   9  10  12
   6   4  13  11  12  14
   7   4  15  13  14  16
   8   4  17  15  16  18
   9   4  19  17  18  20
  10   4   2  19  20   3
  11   4  21   2   1   5
  12   4  21   5   7   9
  13   4  21   9  11  13
  14   4  21  13  15  17
  15   4  21  17  19   2
  16   4   4   3  22  23
  17   4   3  20  24  22
  18   4  20  18  25  24
  19   4  18  16  26  25
  20   4  16  14  27  26
  21   4  14  12  28  27
  22   4  12  10  29  28
  23   4  10   8  30  29
  24   4   8   6  31  30
  25   4   6   4  23  31
  26   4  32  31  23  22
  27   4  33  22  24  25
  28   4  34  25  26  27
  29   4  35  27  28  29
  30   4  36  29  30  31
  31   4  37  32  22  33
  32   4  37  33  25  34
  33   4  37  34  27  35
  34   4  37  35  29  36
  35   4  37  36  31  32
  37
   1   3   1   2  11
   2   4   1  11  15  10
   3   4   1  10  17  16
   4   4   1  16  25   2
   5   4   2   3  12  11
   6   4   2  25  24   3
   7   3   3   4  12
   8   4   3  24  23   4
   9   4   4   5  13  12
  10   4   4  23  22   5
  11   3   5   6  13
  12   4   5  22  21   6
  13   4   6   7  14  13
  14   4   6  21  20   7
  15   3   7   8  14
  16   4   7  20  19   8
  17   4   8   9  15  14
  18   4   8  19  18   9
  19   3   9  10  15
  20   4   9  18  17  10
  21   5  11  12  13  14  15
  22   5  16  17  27  31  26
  23   3  16  26  25
  24   3  17  18  27
  25   5  18  19  28  32  27
  26   3  19  20  28
  27   5  20  21  29  33  28
  28   3  21  22  29
  29   5  22  23  30  34  29
  30   3  23  24  30
  31   5  24  25  26  35  30
  32   3  26  31  35
  33   3  27  32  31
  34   3  28  33  32
  35   3  29  34  33
  36   3  30  35  34
  37   5  31  32  33  34  35
  35
   1 -2.76019995195266e-01 -8.49502197121260e-01 -4.49620927835599e-01
   2 -7.22629729961741e-01 -5.25021231343206e-01 -4.49620927835599e-01
   3 -8.93219469221695e-01 -5.46391665853506e-11 -4.49620927835599e-01
   4 -7.22629730713409e-01  5.25021231218606e-01 -4.49620927835599e-01
   5 -2.76019996411492e-01  8.49502196956557e-01 -4.49620927835599e-01
   6  2.76019994896713e-01  8.49502196956563e-01 -4.49620927835599e-01
   7  7.22629729692322e-01  5.25021231218606e-01 -4.49620927835599e-01
   8  8.93219468999421e-01 -5.46391665853506e-11 -4.49620927835599e-01
   9  7.22629730538284e-01 -5.25021231343203e-01 -4.49620927835599e-01
  10  2.76019996265500e-01 -8.49502197121260e-01 -4.49620927835599e-01
  11 -2.76019995170481e-01 -3.79908931509007e-01 -7.39845526063250e-01
  12 -4.46609734060785e-01  1.45112299071952e-01 -7.39845526367136e-01
  13  5.91592211577861e-10  4.69593264623777e-01 -7.39845526367136e-01
  14  4.46609735165922e-01  1.45112298964530e-01 -7.39845526367137e-01
  15  2.76019996105738e-01 -3.79908931623825e-01 -7.39845525992288e-01
  16 -2.76019995170481e-01 -8.49502197044981e-01  1.02419063625167e-01
  17  2.76019996238789e-01 -8.49502197044981e-01  1.02419063524103e-01
  18  7.22629730448302e-01 -5.25021231281491e-01  1.02419063385364e-01
  19  8.93219468858562e-01 -1.64986865881814e-11  1.02419063261945e-01
  20  7.22629729532418e-01  5.25021231233174e-01  1.02419063200986e-01
  21  2.76019994756856e-01  8.49502196956563e-01  1.02419063225773e-01
  22 -2.76019996499854e-01  8.49502196956557e-01  1.02419063326837e-01
  23 -7.22629730738502e-01  5.25021231233174e-01  1.02419063465576e-01
  24 -8.93219469195909e-01 -1.65042025757627e-11  1.02419063588995e-01
  25 -7.22629729916905e-01 -5.25021231281494e-01  1.02419063649954e-01
  26 -4.46609733991926e-01 -6.14705564185524e-01  5.72012328484133e-01
  27  4.46609735096597e-01 -6.14705564303004e-01  5.72012328085643e-01
  28  7.22629729793180e-01  2.34796632593985e-01  5.72012328143078e-01
  29 -7.25637604787990e-10  7.59817863776342e-01  5.72012328183183e-01
  30 -7.22629730355944e-01  2.34796632566769e-01  5.72012328407670e-01
  31  5.77928620028967e-10 -4.69593264739077e-01  8.62236926744491e-01
  32  4.46609734524479e-01 -1.45112299226530e-01  8.62236926849903e-01
  33  2.76019995227206e-01  3.79908931918956e-01  8.62236926788941e-01
  34 -2.76019995921487e-01  3.79908931914220e-01  8.62236926890009e-01
  35 -4.46609734058293e-01 -1.45112298849211e-01  8.62236926681183e-01
