  35
   1   4   2  11  10  16
   2   4   3  11   1  25
   3   4   4  12   2  24
   4   4   5  12   3  23
   5   4   6  13   4  22
   6   4   7  13   5  21
   7   4   8  14   6  20
   8   4   9  14   7  19
   9   4  10  15   8  18
  10   4   1  15   9  17
  11   4  12  15   1   2
  12   4  13  11   3   4
  13   4  14  12   5   6
  14   4  15  13   7   8
  15   4  11  14   9  10
  16   4  25   1  17  27
  17   4  16  10  18  27
  18   4  17   9  19  28
  19   4  18   8  20  28
  20   4  19   7  21  29
  21   4  20   6  22  29
  22   4  21   5  23  30
  23   4  22   4  24  30
  24   4  23   3  25  26
  25   4  24   2  16  26
  26   4  31  35  24  25
  27   4  32  31  16  17
  28   4  33  32  18  19
  29   4  34  33  20  21
  30   4  35  34  22  23
  31   4  32  35  26  27
  32   4  33  31  27  28
  33   4  34  32  28  29
  34   4  35  33  29  30
  35   4  31  34  30  26
  35
   1   4   1   2   3   4
   2   4   5   1   4   6
   3   4   7   5   6   8
   4   4   9   7   8  10
   5   4  11   9  10  12
   6   4  13  11  12  14
   7   4  15  13  14  16
   8   4  17  15  16  18
   9   4  19  17  18  20
  10   4   2  19  20   3
  11   4  21   2   1   5
  12   4  21   5   7   9
  13   4  21   9  11  13
  14   4  21  13  15  17
  15   4  21  17  19   2
  16   4   4   3  22  23
  17   4   3  20  24  22
  18   4  20  18  25  24
  19   4  18  16  26  25
  20   4  16  14  27  26
  21   4  14  12  28  27
  22   4  12  10  29  28
  23   4  10   8  30  29
  24   4   8   6  31  30
  25   4   6   4  23  31
  26   4  32  30  31  23
  27   4  33  23  22  24
  28   4  34  24  25  26
  29   4  35  26  27  28
  30   4  36  28  29  30
  31   4  37  32  23  33
  32   4  37  33  24  34
  33   4  37  34  26  35
  34   4  37  35  28  36
  35   4  37  36  30  32
  37
   1   3   1   2  11
   2   4   1  11  15  10
   3   4   1  10  17  16
   4   4   1  16  25   2
   5   4   2   3  12  11
   6   4   2  25  24   3
   7   3   3   4  12
   8   4   3  24  23   4
   9   4   4   5  13  12
  10   4   4  23  22   5
  11   3   5   6  13
  12   4   5  22  21   6
  13   4   6   7  14  13
  14   4   6  21  20   7
  15   3   7   8  14
  16   4   7  20  19   8
  17   4   8   9  15  14
  18   4   8  19  18   9
  19   3   9  10  15
  20   4   9  18  17  10
  21   5  11  12  13  14  15
  22   3  16  17  27
  23   5  16  27  31  26  25
  24   5  17  18  28  32  27
  25   3  18  19  28
  26   5  19  20  29  33  28
  27   3  20  21  29
  28   5  21  22  30  34  29
  29   3  22  23  30
  30   5  23  24  26  35  30
  31   3  24  25  26
  32   3  26  31  35
  33   3  27  32  31
  34   3  28  33  32
  35   3  29  34  33
  36   3  30  35  34
  37   5  31  32  33  34  35
  35
   1 -2.76019995526830e-01 -8.49502196815857e-01 -4.49620927747432e-01
   2 -7.22629730205731e-01 -5.25021231101429e-01 -4.49620927747432e-01
   3 -8.93219469432234e-01  8.41884346193819e-11 -4.49620927747432e-01
   4 -7.22629730957399e-01  5.25021231254484e-01 -4.49620927747432e-01
   5 -2.76019996743056e-01  8.49502196928809e-01 -4.49620927747432e-01
   6  2.76019994456902e-01  8.49502196928815e-01 -4.49620927747432e-01
   7  7.22629729164937e-01  5.25021231254484e-01 -4.49620927747432e-01
   8  8.93219468438585e-01  8.41884346193819e-11 -4.49620927747432e-01
   9  7.22629730010899e-01 -5.25021231101426e-01 -4.49620927747432e-01
  10  2.76019995825688e-01 -8.49502196815857e-01 -4.49620927747432e-01
  11 -2.76019995502045e-01 -3.79908931295684e-01 -7.39845525918175e-01
  12 -4.46609734358899e-01  1.45112299182325e-01 -7.39845526222061e-01
  13  2.05904737518920e-10  4.69593264670524e-01 -7.39845526222061e-01
  14  4.46609734692660e-01  1.45112299074903e-01 -7.39845526222062e-01
  15  2.76019995665926e-01 -3.79908931410503e-01 -7.39845525847213e-01
  16 -2.76019995502045e-01 -8.49502196739578e-01  1.02419063605086e-01
  17  2.76019995798978e-01 -8.49502196739578e-01  1.02419063504022e-01
  18  7.22629730320312e-01 -5.25021231169495e-01  1.02419063365283e-01
  19  8.93219469190817e-01 -1.67861921153775e-10  1.02419063241863e-01
  20  7.22629730297524e-01  5.25021230849088e-01  1.02419063180905e-01
  21  2.76019995762098e-01  8.49502196459272e-01  1.02419063205691e-01
  22 -2.76019995538922e-01  8.49502196508845e-01  1.02419063306756e-01
  23 -7.22629730089398e-01  5.25021230978862e-01  1.02419063445494e-01
  24 -8.93219469007048e-01 -7.45013798084997e-12  1.02419063568914e-01
  25 -7.22629730160894e-01 -5.25021231039717e-01  1.02419063629872e-01
  26 -7.22629729807038e-01 -2.34796632287477e-01  5.72012328355791e-01
  27  3.78349279865591e-10 -7.59817863492723e-01  5.72012328080721e-01
  28  7.22629730330481e-01 -2.34796632475292e-01  5.72012328113368e-01
  29  4.46609734677799e-01  6.14705564044421e-01  5.72012328014735e-01
  30 -4.46609734316727e-01  6.14705564107811e-01  5.72012328178261e-01
  31 -2.76019995084731e-01 -3.79908931603815e-01  8.62236926610199e-01
  32  2.76019995856051e-01 -3.79908931652262e-01  8.62236926753282e-01
  33  4.46609734688674e-01  1.45112299248100e-01  8.62236926629863e-01
  34  2.37854563358577e-10  4.69593264790968e-01  8.62236926654649e-01
  35 -4.46609733767444e-01  1.45112299465919e-01  8.62236926461142e-01
