  40
   1   4   2  11  10  21
   2   4   3  12   1  30
   3   4   4  12   2  29
   4   4   5  13   3  28
   5   4   6  13   4  27
   6   4   7  14   5  26
   7   4   8  14   6  25
   8   4   9  15   7  24
   9   4  10  15   8  23
  10   4   1  11   9  22
  11   4  16  20  10   1
  12   4  17  16   2   3
  13   4  18  17   4   5
  14   4  19  18   6   7
  15   4  20  19   8   9
  16   4  17  20  11  12
  17   4  18  16  12  13
  18   4  19  17  13  14
  19   4  20  18  14  15
  20   4  16  19  15  11
  21   4  30   1  22  32
  22   4  21  10  23  32
  23   4  22   9  24  33
  24   4  23   8  25  33
  25   4  24   7  26  34
  26   4  25   6  27  34
  27   4  26   5  28  35
  28   4  27   4  29  35
  29   4  28   3  30  31
  30   4  29   2  21  31
  31   4  36  40  29  30
  32   4  37  36  21  22
  33   4  38  37  23  24
  34   4  39  38  25  26
  35   4  40  39  27  28
  36   4  37  40  31  32
  37   4  38  36  32  33
  38   4  39  37  33  34
  39   4  40  38  34  35
  40   4  36  39  35  31
  40
   1   4   1   2   3   4
   2   4   5   1   4   6
   3   4   7   5   6   8
   4   4   9   7   8  10
   5   4  11   9  10  12
   6   4  13  11  12  14
   7   4  15  13  14  16
   8   4  17  15  16  18
   9   4  19  17  18  20
  10   4   2  19  20   3
  11   4  21  19   2   1
  12   4  22   1   5   7
  13   4  23   7   9  11
  14   4  24  11  13  15
  15   4  25  15  17  19
  16   4  26  21   1  22
  17   4  26  22   7  23
  18   4  26  23  11  24
  19   4  26  24  15  25
  20   4  26  25  19  21
  21   4   4   3  27  28
  22   4   3  20  29  27
  23   4  20  18  30  29
  24   4  18  16  31  30
  25   4  16  14  32  31
  26   4  14  12  33  32
  27   4  12  10  34  33
  28   4  10   8  35  34
  29   4   8   6  36  35
  30   4   6   4  28  36
  31   4  37  35  36  28
  32   4  38  28  27  29
  33   4  39  29  30  31
  34   4  40  31  32  33
  35   4  41  33  34  35
  36   4  42  37  28  38
  37   4  42  38  29  39
  38   4  42  39  31  40
  39   4  42  40  33  41
  40   4  42  41  35  37
  42
   1   5   1   2  12  16  11
   2   3   1  11  10
   3   4   1  10  22  21
   4   4   1  21  30   2
   5   3   2   3  12
   6   4   2  30  29   3
   7   5   3   4  13  17  12
   8   4   3  29  28   4
   9   3   4   5  13
  10   4   4  28  27   5
  11   5   5   6  14  18  13
  12   4   5  27  26   6
  13   3   6   7  14
  14   4   6  26  25   7
  15   5   7   8  15  19  14
  16   4   7  25  24   8
  17   3   8   9  15
  18   4   8  24  23   9
  19   5   9  10  11  20  15
  20   4   9  23  22  10
  21   3  11  16  20
  22   3  12  17  16
  23   3  13  18  17
  24   3  14  19  18
  25   3  15  20  19
  26   5  16  17  18  19  20
  27   3  21  22  32
  28   5  21  32  36  31  30
  29   5  22  23  33  37  32
  30   3  23  24  33
  31   5  24  25  34  38  33
  32   3  25  26  34
  33   5  26  27  35  39  34
  34   3  27  28  35
  35   5  28  29  31  40  35
  36   3  29  30  31
  37   3  31  36  40
  38   3  32  37  36
  39   3  33  38  37
  40   3  34  39  38
  41   3  35  40  39
  42   5  36  37  38  39  40
  40
   1 -2.42695116366411e-01 -7.46938764700213e-01 -2.42695116374567e-01
   2 -6.35384063824364e-01 -4.61633544051249e-01 -2.42695116374567e-01
   3 -7.85377894998118e-01  8.90037368119780e-11 -2.42695116374567e-01
   4 -6.35384064485281e-01  4.61633544215785e-01 -2.42695116374567e-01
   5 -2.42695117435797e-01  7.46938764829487e-01 -2.42695116374567e-01
   6  2.42695115392127e-01  7.46938764829492e-01 -2.42695116374567e-01
   7  6.35384062875697e-01  4.61633544215785e-01 -2.42695116374567e-01
   8  7.85377894090905e-01  8.90037368119780e-11 -2.42695116374567e-01
   9  6.35384063619524e-01 -4.61633544051246e-01 -2.42695116374567e-01
  10  2.42695116595655e-01 -7.46938764700213e-01 -2.42695116374567e-01
  11  1.27204186263448e-10 -6.68082340944911e-01 -6.55592710370453e-01
  12 -6.35384063812465e-01 -2.06448796933810e-01 -6.55592710163857e-01
  13 -3.92688947161543e-01  5.40489967412760e-01 -6.55592710389945e-01
  14  3.92688947508208e-01  5.40489967327448e-01 -6.55592710389945e-01
  15  6.35384063913272e-01 -2.06448797170035e-01 -6.55592710389945e-01
  16 -2.42695116405836e-01 -3.34041170318248e-01 -9.10777457148800e-01
  17 -3.92688947171039e-01  1.27592373393489e-01 -9.10777457363473e-01
  18  1.55237856436370e-10  4.12897593833893e-01 -9.10777457363473e-01
  19  3.92688947425385e-01  1.27592373316235e-01 -9.10777457363473e-01
  20  2.42695116543153e-01 -3.34041170171396e-01 -9.10777457071341e-01
  21 -2.42695116344618e-01 -7.46938764633143e-01  2.42695116587499e-01
  22  2.42695116572170e-01 -7.46938764633143e-01  2.42695116498636e-01
  23  6.35384063891580e-01 -4.61633544111097e-01  2.42695116376648e-01
  24  7.85377894752317e-01 -1.32615679939261e-10  2.42695116268129e-01
  25  6.35384063871543e-01  4.61633543859334e-01  2.42695116214531e-01
  26  2.42695116539742e-01  7.46938764416639e-01  2.42695116236325e-01
  27 -2.42695116377043e-01  7.46938764460227e-01  2.42695116325187e-01
  28 -6.35384063722077e-01  4.61633543973439e-01  2.42695116447175e-01
  29 -7.85377894624266e-01  8.42901614045750e-12  2.42695116555694e-01
  30 -6.35384063784941e-01 -4.61633543996988e-01  2.42695116609293e-01
  31 -6.35384063473807e-01 -2.06448796865661e-01  6.55592710503313e-01
  32  3.15903966071483e-10 -6.68082341023173e-01  6.55592710261453e-01
  33  6.35384063900521e-01 -2.06448797030801e-01  6.55592710290159e-01
  34  3.92688947440219e-01  5.40489967424002e-01  6.55592710203434e-01
  35 -3.92688947156272e-01  5.40489967479739e-01  6.55592710347217e-01
  36 -2.42695115977688e-01 -3.34041170378760e-01  9.10777457196912e-01
  37  2.42695116622352e-01 -3.34041170421358e-01  9.10777457322721e-01
  38  3.92688947449781e-01  1.27592373468079e-01  9.10777457214202e-01
  39  1.92371678114955e-10  4.12897593966196e-01  9.10777457235996e-01
  40 -3.92688946673306e-01  1.27592373659600e-01  9.10777457065852e-01
