  40
   1   4   2  11  10  21
   2   4   3  12   1  30
   3   4   4  12   2  29
   4   4   5  13   3  28
   5   4   6  13   4  27
   6   4   7  14   5  26
   7   4   8  14   6  25
   8   4   9  15   7  24
   9   4  10  15   8  23
  10   4   1  11   9  22
  11   4  16  20  10   1
  12   4  17  16   2   3
  13   4  18  17   4   5
  14   4  19  18   6   7
  15   4  20  19   8   9
  16   4  17  20  11  12
  17   4  18  16  12  13
  18   4  19  17  13  14
  19   4  20  18  14  15
  20   4  16  19  15  11
  21   4  30   1  22  31
  22   4  21  10  23  32
  23   4  22   9  24  32
  24   4  23   8  25  33
  25   4  24   7  26  33
  26   4  25   6  27  34
  27   4  26   5  28  34
  28   4  27   4  29  35
  29   4  28   3  30  35
  30   4  29   2  21  31
  31   4  36  40  30  21
  32   4  37  36  22  23
  33   4  38  37  24  25
  34   4  39  38  26  27
  35   4  40  39  28  29
  36   4  37  40  31  32
  37   4  38  36  32  33
  38   4  39  37  33  34
  39   4  40  38  34  35
  40   4  36  39  35  31
  40
   1   4   1   2   3   4
   2   4   5   1   4   6
   3   4   7   5   6   8
   4   4   9   7   8  10
   5   4  11   9  10  12
   6   4  13  11  12  14
   7   4  15  13  14  16
   8   4  17  15  16  18
   9   4  19  17  18  20
  10   4   2  19  20   3
  11   4  21  19   2   1
  12   4  22   1   5   7
  13   4  23   7   9  11
  14   4  24  11  13  15
  15   4  25  15  17  19
  16   4  26  21   1  22
  17   4  26  22   7  23
  18   4  26  23  11  24
  19   4  26  24  15  25
  20   4  26  25  19  21
  21   4   4   3  27  28
  22   4   3  20  29  27
  23   4  20  18  30  29
  24   4  18  16  31  30
  25   4  16  14  32  31
  26   4  14  12  33  32
  27   4  12  10  34  33
  28   4  10   8  35  34
  29   4   8   6  36  35
  30   4   6   4  28  36
  31   4  37  36  28  27
  32   4  38  27  29  30
  33   4  39  30  31  32
  34   4  40  32  33  34
  35   4  41  34  35  36
  36   4  42  37  27  38
  37   4  42  38  30  39
  38   4  42  39  32  40
  39   4  42  40  34  41
  40   4  42  41  36  37
  42
   1   5   1   2  12  16  11
   2   3   1  11  10
   3   4   1  10  22  21
   4   4   1  21  30   2
   5   3   2   3  12
   6   4   2  30  29   3
   7   5   3   4  13  17  12
   8   4   3  29  28   4
   9   3   4   5  13
  10   4   4  28  27   5
  11   5   5   6  14  18  13
  12   4   5  27  26   6
  13   3   6   7  14
  14   4   6  26  25   7
  15   5   7   8  15  19  14
  16   4   7  25  24   8
  17   3   8   9  15
  18   4   8  24  23   9
  19   5   9  10  11  20  15
  20   4   9  23  22  10
  21   3  11  16  20
  22   3  12  17  16
  23   3  13  18  17
  24   3  14  19  18
  25   3  15  20  19
  26   5  16  17  18  19  20
  27   5  21  22  32  36  31
  28   3  21  31  30
  29   3  22  23  32
  30   5  23  24  33  37  32
  31   3  24  25  33
  32   5  25  26  34  38  33
  33   3  26  27  34
  34   5  27  28  35  39  34
  35   3  28  29  35
  36   5  29  30  31  40  35
  37   3  31  36  40
  38   3  32  37  36
  39   3  33  38  37
  40   3  34  39  38
  41   3  35  40  39
  42   5  36  37  38  39  40
  40
   1 -2.42695116044706e-01 -7.46938764730164e-01 -2.42695116349596e-01
   2 -6.35384063462253e-01 -4.61633544110556e-01 -2.42695116349596e-01
   3 -7.85377894620574e-01 -1.78043255995430e-11 -2.42695116349596e-01
   4 -6.35384064123170e-01  4.61633544061476e-01 -2.42695116349596e-01
   5 -2.42695117114093e-01  7.46938764645822e-01 -2.42695116349596e-01
   6  2.42695115663887e-01  7.46938764645827e-01 -2.42695116349596e-01
   7  6.35384063107050e-01  4.61633544061476e-01 -2.42695116349596e-01
   8  7.85377894306824e-01 -1.78043255995430e-11 -2.42695116349596e-01
   9  6.35384063850876e-01 -4.61633544110554e-01 -2.42695116349596e-01
  10  2.42695116867415e-01 -7.46938764730164e-01 -2.42695116349596e-01
  11  4.23935958617427e-10 -6.68082340982976e-01 -6.55592710302996e-01
  12 -6.35384063450355e-01 -2.06448797019375e-01 -6.55592710096400e-01
  13 -3.92688946824404e-01  5.40489967250337e-01 -6.55592710322488e-01
  14  3.92688947764533e-01  5.40489967165025e-01 -6.55592710322488e-01
  15  6.35384064144625e-01 -2.06448797255600e-01 -6.55592710322488e-01
  16 -2.42695116084131e-01 -3.34041170390685e-01 -9.10777457055085e-01
  17 -3.92688946833901e-01  1.27592373273552e-01 -9.10777457269759e-01
  18  4.51969628787464e-10  4.12897593684599e-01 -9.10777457269759e-01
  19  3.92688947681711e-01  1.27592373196298e-01 -9.10777457269759e-01
  20  2.42695116814913e-01 -3.34041170243832e-01 -9.10777456977627e-01
  21 -2.42695116022914e-01 -7.46938764663094e-01  2.42695116562525e-01
  22  2.42695116843929e-01 -7.46938764663094e-01  2.42695116473663e-01
  23  6.35384063771758e-01 -4.61633544056293e-01  2.42695116351674e-01
  24  7.85377894182971e-01  1.57313181139103e-11  2.42695116243156e-01
  25  6.35384062966452e-01  4.61633544074286e-01  2.42695116189557e-01
  26  2.42695115540915e-01  7.46938764645827e-01  2.42695116211351e-01
  27 -2.42695117191786e-01  7.46938764645822e-01  2.42695116300213e-01
  28 -6.35384064145233e-01  4.61633544074286e-01  2.42695116422201e-01
  29 -7.85377894597902e-01  1.57264680911977e-11  2.42695116530720e-01
  30 -6.35384063422830e-01 -4.61633544056295e-01  2.42695116584319e-01
  31 -3.92688946795668e-01 -5.40489967341254e-01  6.55592710450080e-01
  32  3.92688947648656e-01 -5.40489967444551e-01  6.55592710099702e-01
  33  6.35384063195731e-01  2.06448797118656e-01  6.55592710150202e-01
  34 -6.97184917959369e-10  6.68082341118022e-01  6.55592710185465e-01
  35 -6.35384063808863e-01  2.06448797094727e-01  6.55592710382849e-01
  36  4.48997103756075e-10 -4.12897593751903e-01  9.10777457072615e-01
  37  3.92688947145612e-01 -1.27592373365748e-01  9.10777457165301e-01
  38  2.42695115954478e-01  3.34041170601199e-01  9.10777457111699e-01
  39 -2.42695116683248e-01  3.34041170597034e-01  9.10777457200564e-01
  40 -3.92688946854022e-01 -1.27592373033984e-01  9.10777457016951e-01
