  18
   1   5   2   8   7   6  13
   2   5   3   9   8   1  15
   3   5   4  10   9   2  15
   4   5   5  11  10   3  14
   5   5   6  12  11   4  14
   6   5   1   7  12   5  13
   7   5  12   6   1   8  16
   8   5   7   1   2   9  17
   9   5   8   2   3  10  17
  10   5   9   3   4  11  18
  11   5  10   4   5  12  18
  12   5  11   5   6   7  16
  13   4  14  15   1   6
  14   4  15  13   5   4
  15   4  13  14   3   2
  16   4  17  18  12   7
  17   4  18  16   8   9
  18   4  16  17  10  11
  18
   1   5   1   2   3   4   5
   2   5   6   7   1   5   8
   3   5   9  10   6   8  11
   4   5  12  13   9  11  14
   5   5  15  16  12  14  17
   6   5   3  18  15  17   4
   7   5  18   3   2  19  20
   8   5   2   1   7  21  19
   9   5   7   6  10  22  21
  10   5  10   9  13  23  22
  11   5  13  12  16  24  23
  12   5  16  15  18  20  24
  13   4  25   5   4  17
  14   4  25  17  14  11
  15   4  25  11   8   5
  16   4  26  24  20  19
  17   4  26  19  21  22
  18   4  26  22  23  24
  26
   1   3   1   2   8
   2   3   1   8   7
   3   3   1   7   6
   4   3   1   6  13
   5   4   1  13  15   2
   6   3   2   3   9
   7   3   2   9   8
   8   3   2  15   3
   9   3   3   4  10
  10   3   3  10   9
  11   4   3  15  14   4
  12   3   4   5  11
  13   3   4  11  10
  14   3   4  14   5
  15   3   5   6  12
  16   3   5  12  11
  17   4   5  14  13   6
  18   3   6   7  12
  19   4   7   8  17  16
  20   3   7  16  12
  21   3   8   9  17
  22   4   9  10  18  17
  23   3  10  11  18
  24   4  11  12  16  18
  25   3  13  14  15
  26   3  16  17  18
  18
   1 -3.64506732569717e-01 -6.31344180659404e-01  3.11871842722046e-01
   2 -7.29013465221309e-01  8.13600526604319e-11  3.11871842722046e-01
   3 -3.64506732739787e-01  6.31344180789393e-01  3.11871842722046e-01
   4  3.64506732412223e-01  6.31344180789393e-01  3.11871842722046e-01
   5  7.29013465120508e-01  8.13615095219938e-11  3.11871842722046e-01
   6  3.64506732695675e-01 -6.31344180659404e-01  3.11871842722046e-01
   7  8.18761863371184e-11 -7.29013465269746e-01 -3.11871842807174e-01
   8 -6.31344180527968e-01 -3.64506732580359e-01 -3.11871842807174e-01
   9 -6.31344180585095e-01  3.64506732559426e-01 -3.11871842765209e-01
  10 -3.23879750035405e-11  7.29013465047631e-01 -3.11871842723244e-01
  11  6.31344180610184e-01  3.64506732414935e-01 -3.11871842723244e-01
  12  6.31344180732775e-01 -3.64506732724857e-01 -3.11871842765209e-01
  13  8.18761863371184e-11 -4.20896120345595e-01  9.07108844527578e-01
  14  3.64506732436181e-01  2.10448060294838e-01  9.07108844527578e-01
  15 -3.64506732536986e-01  2.10448060347181e-01  9.07108844533730e-01
  16  2.10448060222497e-01 -3.64506732628594e-01 -9.07108844455240e-01
  17 -4.20896120276099e-01  9.16584451681300e-12 -9.07108844455240e-01
  18  2.10448060095555e-01  3.64506732453274e-01 -9.07108844419431e-01
