  18
   1   5   2   8   7   6  13
   2   5   3   9   8   1  15
   3   5   4  10   9   2  15
   4   5   5  11  10   3  14
   5   5   6  12  11   4  14
   6   5   1   7  12   5  13
   7   5  12   6   1   8  16
   8   5   7   1   2   9  16
   9   5   8   2   3  10  17
  10   5   9   3   4  11  17
  11   5  10   4   5  12  18
  12   5  11   5   6   7  18
  13   4  14  15   1   6
  14   4  15  13   5   4
  15   4  13  14   3   2
  16   4  17  18   7   8
  17   4  18  16   9  10
  18   4  16  17  11  12
  18
   1   5   1   2   3   4   5
   2   5   6   7   1   5   8
   3   5   9  10   6   8  11
   4   5  12  13   9  11  14
   5   5  15  16  12  14  17
   6   5   3  18  15  17   4
   7   5  18   3   2  19  20
   8   5   2   1   7  21  19
   9   5   7   6  10  22  21
  10   5  10   9  13  23  22
  11   5  13  12  16  24  23
  12   5  16  15  18  20  24
  13   4  25   5   4  17
  14   4  25  17  14  11
  15   4  25  11   8   5
  16   4  26  20  19  21
  17   4  26  21  22  23
  18   4  26  23  24  20
  26
   1   3   1   2   8
   2   3   1   8   7
   3   3   1   7   6
   4   3   1   6  13
   5   4   1  13  15   2
   6   3   2   3   9
   7   3   2   9   8
   8   3   2  15   3
   9   3   3   4  10
  10   3   3  10   9
  11   4   3  15  14   4
  12   3   4   5  11
  13   3   4  11  10
  14   3   4  14   5
  15   3   5   6  12
  16   3   5  12  11
  17   4   5  14  13   6
  18   3   6   7  12
  19   3   7   8  16
  20   4   7  16  18  12
  21   4   8   9  17  16
  22   3   9  10  17
  23   4  10  11  18  17
  24   3  11  12  18
  25   3  13  14  15
  26   3  16  17  18
  18
   1 -3.64506732640600e-01 -6.31344180649067e-01  3.11871842713310e-01
   2 -7.29013465281981e-01  7.40114810665326e-11  3.11871842713310e-01
   3 -3.64506732810670e-01  6.31344180764358e-01  3.11871842713310e-01
   4  3.64506732320918e-01  6.31344180764358e-01  3.11871842713310e-01
   5  7.29013465018991e-01  7.40129379280944e-11  3.11871842713310e-01
   6  3.64506732604370e-01 -6.31344180649067e-01  3.11871842713310e-01
   7  7.81768101454490e-13 -7.29013465256672e-01 -3.11871842798437e-01
   8 -6.31344180591376e-01 -3.64506732577497e-01 -3.11871842798437e-01
   9 -6.31344180386672e-01  3.64506732541873e-01 -3.11871842756472e-01
  10  2.79271458369159e-10  7.29013465019853e-01 -3.11871842714507e-01
  11  6.31344180773236e-01  3.64506732397376e-01 -3.11871842714507e-01
  12  6.31344180633994e-01 -3.64506732721995e-01 -3.11871842756472e-01
  13  7.81768101454490e-13 -4.20896120341153e-01  9.07108844502167e-01
  14  3.64506732344875e-01  2.10448060281594e-01  9.07108844502167e-01
  15 -3.64506732607869e-01  2.10448060333937e-01  9.07108844508320e-01
  16 -2.10448060151513e-01 -3.64506732520874e-01 -9.07108844443818e-01
  17 -2.10448059935896e-01  3.64506732476342e-01 -9.07108844401856e-01
  18  4.20896120429358e-01 -1.13932239711610e-11 -9.07108844408009e-01
