  24
   1   5   2  10   9   8  17
   2   5   3  11  10   1  17
   3   5   4  12  11   2  20
   4   5   5  13  12   3  20
   5   5   6  14  13   4  19
   6   5   7  15  14   5  19
   7   5   8  16  15   6  18
   8   5   1   9  16   7  18
   9   5  16   8   1  10  22
  10   5   9   1   2  11  22
  11   5  10   2   3  12  23
  12   5  11   3   4  13  23
  13   5  12   4   5  14  24
  14   5  13   5   6  15  24
  15   5  14   6   7  16  21
  16   5  15   7   8   9  21
  17   4  18  20   2   1
  18   4  19  17   8   7
  19   4  20  18   6   5
  20   4  17  19   4   3
  21   4  22  24  15  16
  22   4  23  21   9  10
  23   4  24  22  11  12
  24   4  21  23  13  14
  24
   1   5   1   2   3   4   5
   2   5   6   7   1   5   8
   3   5   9  10   6   8  11
   4   5  12  13   9  11  14
   5   5  15  16  12  14  17
   6   5  18  19  15  17  20
   7   5  21  22  18  20  23
   8   5   3  24  21  23   4
   9   5  24   3   2  25  26
  10   5   2   1   7  27  25
  11   5   7   6  10  28  27
  12   5  10   9  13  29  28
  13   5  13  12  16  30  29
  14   5  16  15  19  31  30
  15   5  19  18  22  32  31
  16   5  22  21  24  26  32
  17   4  33   8   5   4
  18   4  33   4  23  20
  19   4  33  20  17  14
  20   4  33  14  11   8
  21   4  34  31  32  26
  22   4  34  26  25  27
  23   4  34  27  28  29
  24   4  34  29  30  31
  34
   1   3   1   2  10
   2   3   1  10   9
   3   3   1   9   8
   4   4   1   8  18  17
   5   3   1  17   2
   6   3   2   3  11
   7   3   2  11  10
   8   4   2  17  20   3
   9   3   3   4  12
  10   3   3  12  11
  11   3   3  20   4
  12   3   4   5  13
  13   3   4  13  12
  14   4   4  20  19   5
  15   3   5   6  14
  16   3   5  14  13
  17   3   5  19   6
  18   3   6   7  15
  19   3   6  15  14
  20   4   6  19  18   7
  21   3   7   8  16
  22   3   7  16  15
  23   3   7  18   8
  24   3   8   9  16
  25   3   9  10  22
  26   4   9  22  21  16
  27   4  10  11  23  22
  28   3  11  12  23
  29   4  12  13  24  23
  30   3  13  14  24
  31   4  14  15  21  24
  32   3  15  16  21
  33   4  17  18  19  20
  34   4  21  22  23  24
  24
   1 -3.63491341888162e-01 -8.77545727857683e-01  3.12709991184577e-01
   2 -8.77545727758171e-01 -3.63491341918436e-01  3.12709991184577e-01
   3 -8.77545728040722e-01  3.63491342425259e-01  3.12709991184577e-01
   4 -3.63491342570304e-01  8.77545728318348e-01  3.12709991184577e-01
   5  3.63491341458206e-01  8.77545728318348e-01  3.12709991184577e-01
   6  8.77545727374381e-01  3.63491342425267e-01  3.12709991184577e-01
   7  8.77545727722199e-01 -3.63491341918438e-01  3.12709991184577e-01
   8  3.63491342297942e-01 -8.77545727857683e-01  3.12709991184577e-01
   9  2.23734201945890e-10 -9.49848651182538e-01 -3.12709991386605e-01
  10 -6.71644422189300e-01 -6.71644422264990e-01 -3.12709991386605e-01
  11 -9.49848651092061e-01 -7.66691085503862e-11 -3.12709991313669e-01
  12 -6.71644422311676e-01  6.71644421978063e-01 -3.12709991210522e-01
  13  5.06745036247881e-11  9.49848650573116e-01 -3.12709991137586e-01
  14  6.71644422488687e-01  6.71644421715877e-01 -3.12709991137586e-01
  15  9.49848651451754e-01 -4.47459364227137e-10 -3.12709991210522e-01
  16  6.71644422731681e-01 -6.71644422527179e-01 -3.12709991313669e-01
  17 -3.63491341855522e-01 -3.63491341705512e-01  8.26764376841662e-01
  18  3.63491342133586e-01 -3.63491341890967e-01  8.26764376656208e-01
  19  3.63491341621793e-01  3.63491342369543e-01  8.26764376906940e-01
  20 -3.63491342314791e-01  3.63491342342892e-01  8.26764376906940e-01
  21  4.74924325595567e-01 -1.96720096862226e-01 -8.26764376686628e-01
  22 -1.96720096659413e-01 -4.74924325613537e-01 -8.26764376574105e-01
  23 -4.74924325378851e-01  1.96720096560677e-01 -8.26764376751903e-01
  24  1.96720096908770e-01  4.74924325095928e-01 -8.26764376678965e-01
