  24
   1   5   2  10   9   8  17
   2   5   3  11  10   1  17
   3   5   4  12  11   2  20
   4   5   5  13  12   3  20
   5   5   6  14  13   4  19
   6   5   7  15  14   5  19
   7   5   8  16  15   6  18
   8   5   1   9  16   7  18
   9   5  16   8   1  10  21
  10   5   9   1   2  11  22
  11   5  10   2   3  12  22
  12   5  11   3   4  13  23
  13   5  12   4   5  14  23
  14   5  13   5   6  15  24
  15   5  14   6   7  16  24
  16   5  15   7   8   9  21
  17   4  18  20   2   1
  18   4  19  17   8   7
  19   4  20  18   6   5
  20   4  17  19   4   3
  21   4  22  24  16   9
  22   4  23  21  10  11
  23   4  24  22  12  13
  24   4  21  23  14  15
  24
   1   5   1   2   3   4   5
   2   5   6   7   1   5   8
   3   5   9  10   6   8  11
   4   5  12  13   9  11  14
   5   5  15  16  12  14  17
   6   5  18  19  15  17  20
   7   5  21  22  18  20  23
   8   5   3  24  21  23   4
   9   5  24   3   2  25  26
  10   5   2   1   7  27  25
  11   5   7   6  10  28  27
  12   5  10   9  13  29  28
  13   5  13  12  16  30  29
  14   5  16  15  19  31  30
  15   5  19  18  22  32  31
  16   5  22  21  24  26  32
  17   4  33   8   5   4
  18   4  33   4  23  20
  19   4  33  20  17  14
  20   4  33  14  11   8
  21   4  34  32  26  25
  22   4  34  25  27  28
  23   4  34  28  29  30
  24   4  34  30  31  32
  34
   1   3   1   2  10
   2   3   1  10   9
   3   3   1   9   8
   4   4   1   8  18  17
   5   3   1  17   2
   6   3   2   3  11
   7   3   2  11  10
   8   4   2  17  20   3
   9   3   3   4  12
  10   3   3  12  11
  11   3   3  20   4
  12   3   4   5  13
  13   3   4  13  12
  14   4   4  20  19   5
  15   3   5   6  14
  16   3   5  14  13
  17   3   5  19   6
  18   3   6   7  15
  19   3   6  15  14
  20   4   6  19  18   7
  21   3   7   8  16
  22   3   7  16  15
  23   3   7  18   8
  24   3   8   9  16
  25   4   9  10  22  21
  26   3   9  21  16
  27   3  10  11  22
  28   4  11  12  23  22
  29   3  12  13  23
  30   4  13  14  24  23
  31   3  14  15  24
  32   4  15  16  21  24
  33   4  17  18  19  20
  34   4  21  22  23  24
  24
   1 -3.63491342083150e-01 -8.77545727803311e-01  3.12709991161936e-01
   2 -8.77545727915941e-01 -3.63491341901282e-01  3.12709991161936e-01
   3 -8.77545728198493e-01  3.63491342389779e-01  3.12709991161936e-01
   4 -3.63491342765293e-01  8.77545728245649e-01  3.12709991161936e-01
   5  3.63491341210583e-01  8.77545728245649e-01  3.12709991161936e-01
   6  8.77545727089539e-01  3.63491342389786e-01  3.12709991161936e-01
   7  8.77545727437357e-01 -3.63491341901283e-01  3.12709991161936e-01
   8  3.63491342050318e-01 -8.77545727803311e-01  3.12709991161936e-01
   9  2.42803778047608e-12 -9.49848651122930e-01 -3.12709991363965e-01
  10 -6.71644422361978e-01 -6.71644422225525e-01 -3.12709991363965e-01
  11 -9.49848650832769e-01 -8.58395254785750e-11 -3.12709991291029e-01
  12 -6.71644421660715e-01  6.71644421920272e-01 -3.12709991187882e-01
  13  8.23586896125180e-10  9.49848650495175e-01 -3.12709991114946e-01
  14  6.71644423042395e-01  6.71644421658078e-01 -3.12709991114946e-01
  15  9.49848651573491e-01 -4.56629781128480e-10 -3.12709991187882e-01
  16  6.71644422461747e-01 -6.71644422487714e-01 -3.12709991291029e-01
  17 -3.63491342050511e-01 -3.63491341688357e-01  8.26764376781803e-01
  18  3.63491341885963e-01 -3.63491341873813e-01  8.26764376596348e-01
  19  3.63491341374170e-01  3.63491342334063e-01  8.26764376847081e-01
  20 -3.63491342509780e-01  3.63491342307412e-01  8.26764376847080e-01
  21  1.96720096870022e-01 -4.74924325373596e-01 -8.26764376678341e-01
  22 -4.74924325383355e-01 -1.96720096722916e-01 -8.26764376492880e-01
  23 -1.96720096091649e-01  4.74924325143594e-01 -8.26764376640472e-01
  24  4.74924326032036e-01  1.96720096317053e-01 -8.26764376640465e-01
