  30
   1   5   2  11  10  17  16
   2   5   3  11   1  16  25
   3   5   4  12   2  25  24
   4   5   5  12   3  24  23
   5   5   6  13   4  23  22
   6   5   7  13   5  22  21
   7   5   8  14   6  21  20
   8   5   9  14   7  20  19
   9   5  10  15   8  19  18
  10   5   1  15   9  18  17
  11   4  12  15   1   2
  12   4  13  11   3   4
  13   4  14  12   5   6
  14   4  15  13   7   8
  15   4  11  14   9  10
  16   5  25   2   1  17  26
  17   5  16   1  10  18  27
  18   5  17  10   9  19  27
  19   5  18   9   8  20  28
  20   5  19   8   7  21  28
  21   5  20   7   6  22  29
  22   5  21   6   5  23  29
  23   5  22   5   4  24  30
  24   5  23   4   3  25  30
  25   5  24   3   2  16  26
  26   4  27  30  25  16
  27   4  28  26  17  18
  28   4  29  27  19  20
  29   4  30  28  21  22
  30   4  26  29  23  24
  30
   1   5   1   2   3   4   5
   2   5   6   1   5   7   8
   3   5   9   6   8  10  11
   4   5  12   9  11  13  14
   5   5  15  12  14  16  17
   6   5  18  15  17  19  20
   7   5  21  18  20  22  23
   8   5  24  21  23  25  26
   9   5  27  24  26  28  29
  10   5   2  27  29  30   3
  11   4  31   2   1   6
  12   4  31   6   9  12
  13   4  31  12  15  18
  14   4  31  18  21  24
  15   4  31  24  27   2
  16   5   7   5   4  32  33
  17   5   4   3  30  34  32
  18   5  30  29  28  35  34
  19   5  28  26  25  36  35
  20   5  25  23  22  37  36
  21   5  22  20  19  38  37
  22   5  19  17  16  39  38
  23   5  16  14  13  40  39
  24   5  13  11  10  41  40
  25   5  10   8   7  33  41
  26   4  42  41  33  32
  27   4  42  32  34  35
  28   4  42  35  36  37
  29   4  42  37  38  39
  30   4  42  39  40  41
  42
   1   3   1   2  11
   2   4   1  11  15  10
   3   3   1  10  17
   4   3   1  17  16
   5   3   1  16   2
   6   4   2   3  12  11
   7   3   2  16  25
   8   3   2  25   3
   9   3   3   4  12
  10   3   3  25  24
  11   3   3  24   4
  12   4   4   5  13  12
  13   3   4  24  23
  14   3   4  23   5
  15   3   5   6  13
  16   3   5  23  22
  17   3   5  22   6
  18   4   6   7  14  13
  19   3   6  22  21
  20   3   6  21   7
  21   3   7   8  14
  22   3   7  21  20
  23   3   7  20   8
  24   4   8   9  15  14
  25   3   8  20  19
  26   3   8  19   9
  27   3   9  10  15
  28   3   9  19  18
  29   3   9  18  10
  30   3  10  18  17
  31   5  11  12  13  14  15
  32   4  16  17  27  26
  33   3  16  26  25
  34   3  17  18  27
  35   4  18  19  28  27
  36   3  19  20  28
  37   4  20  21  29  28
  38   3  21  22  29
  39   4  22  23  30  29
  40   3  23  24  30
  41   4  24  25  26  30
  42   5  26  27  28  29  30
  30
   1 -2.98595749133766e-01 -9.18983223672539e-01 -2.57508079916913e-01
   2 -7.81733821472574e-01 -5.67962867166839e-01 -2.57508079916913e-01
   3 -9.66276144155999e-01  3.56277614717792e-10 -2.57508079916913e-01
   4 -7.81733822285721e-01  5.67962867862820e-01 -2.57508079916913e-01
   5 -2.98595750449467e-01  9.18983224325136e-01 -2.57508079916913e-01
   6  2.98595749180602e-01  9.18983224325142e-01 -2.57508079916913e-01
   7  7.81733821550927e-01  5.67962867862820e-01 -2.57508079916913e-01
   8  9.66276144285354e-01  3.56277614717792e-10 -2.57508079916913e-01
   9  7.81733822466081e-01 -5.67962867166836e-01 -2.57508079916913e-01
  10  2.98595750661342e-01 -9.18983223672539e-01 -2.57508079916913e-01
  11 -2.98595749106954e-01 -4.10981790945549e-01 -5.71470230800908e-01
  12 -4.83138071390496e-01  1.56981075812084e-01 -5.71470231129649e-01
  13  8.24882960530389e-10  5.08001432073051e-01 -5.71470231129649e-01
  14  4.83138072955830e-01  1.56981075695876e-01 -5.71470231129650e-01
  15  2.98595750488513e-01 -4.10981791069758e-01 -5.71470230724142e-01
  16 -5.67962866590692e-01 -7.81733821956717e-01  2.57508080236592e-01
  17  7.79268272330305e-10 -9.66276144344879e-01  2.57508080236592e-01
  18  5.67962867701279e-01 -7.81733822270935e-01  2.57508080150366e-01
  19  9.18983223370973e-01 -2.98595750400402e-01  2.57508080010849e-01
  20  9.18983222672999e-01  2.98595749081467e-01  2.57508079871333e-01
  21  5.67962865873968e-01  7.81733821177713e-01  2.57508079785107e-01
  22 -1.47941751565099e-09  9.66276143616877e-01  2.57508079785107e-01
  23 -5.67962868418006e-01  7.81733821593926e-01  2.57508079871333e-01
  24 -9.18983224131075e-01  2.98595749754914e-01  2.57508080010849e-01
  25 -9.18983223486730e-01 -2.98595749726949e-01  2.57508080150366e-01
  26 -4.10981790925422e-01 -2.98595749835733e-01  5.71470230713994e-01
  27  1.56981075819443e-01 -4.83138072256087e-01  5.71470231042730e-01
  28  5.08001431428173e-01 -4.38506552268501e-10  5.71470230903214e-01
  29  1.56981074660659e-01  4.83138071583401e-01  5.71470230816991e-01
  30 -4.10981791693979e-01  2.98595749446488e-01  5.71470230497709e-01
