  30
   1   5   2  11  10  17  16
   2   5   3  11   1  16  25
   3   5   4  12   2  25  24
   4   5   5  12   3  24  23
   5   5   6  13   4  23  22
   6   5   7  13   5  22  21
   7   5   8  14   6  21  20
   8   5   9  14   7  20  19
   9   5  10  15   8  19  18
  10   5   1  15   9  18  17
  11   4  12  15   1   2
  12   4  13  11   3   4
  13   4  14  12   5   6
  14   4  15  13   7   8
  15   4  11  14   9  10
  16   5  25   2   1  17  26
  17   5  16   1  10  18  26
  18   5  17  10   9  19  27
  19   5  18   9   8  20  27
  20   5  19   8   7  21  28
  21   5  20   7   6  22  28
  22   5  21   6   5  23  29
  23   5  22   5   4  24  29
  24   5  23   4   3  25  30
  25   5  24   3   2  16  30
  26   4  27  30  16  17
  27   4  28  26  18  19
  28   4  29  27  20  21
  29   4  30  28  22  23
  30   4  26  29  24  25
  30
   1   5   1   2   3   4   5
   2   5   6   1   5   7   8
   3   5   9   6   8  10  11
   4   5  12   9  11  13  14
   5   5  15  12  14  16  17
   6   5  18  15  17  19  20
   7   5  21  18  20  22  23
   8   5  24  21  23  25  26
   9   5  27  24  26  28  29
  10   5   2  27  29  30   3
  11   4  31   2   1   6
  12   4  31   6   9  12
  13   4  31  12  15  18
  14   4  31  18  21  24
  15   4  31  24  27   2
  16   5   7   5   4  32  33
  17   5   4   3  30  34  32
  18   5  30  29  28  35  34
  19   5  28  26  25  36  35
  20   5  25  23  22  37  36
  21   5  22  20  19  38  37
  22   5  19  17  16  39  38
  23   5  16  14  13  40  39
  24   5  13  11  10  41  40
  25   5  10   8   7  33  41
  26   4  42  33  32  34
  27   4  42  34  35  36
  28   4  42  36  37  38
  29   4  42  38  39  40
  30   4  42  40  41  33
  42
   1   3   1   2  11
   2   4   1  11  15  10
   3   3   1  10  17
   4   3   1  17  16
   5   3   1  16   2
   6   4   2   3  12  11
   7   3   2  16  25
   8   3   2  25   3
   9   3   3   4  12
  10   3   3  25  24
  11   3   3  24   4
  12   4   4   5  13  12
  13   3   4  24  23
  14   3   4  23   5
  15   3   5   6  13
  16   3   5  23  22
  17   3   5  22   6
  18   4   6   7  14  13
  19   3   6  22  21
  20   3   6  21   7
  21   3   7   8  14
  22   3   7  21  20
  23   3   7  20   8
  24   4   8   9  15  14
  25   3   8  20  19
  26   3   8  19   9
  27   3   9  10  15
  28   3   9  19  18
  29   3   9  18  10
  30   3  10  18  17
  31   5  11  12  13  14  15
  32   3  16  17  26
  33   4  16  26  30  25
  34   4  17  18  27  26
  35   3  18  19  27
  36   4  19  20  28  27
  37   3  20  21  28
  38   4  21  22  29  28
  39   3  22  23  29
  40   4  23  24  30  29
  41   3  24  25  30
  42   5  26  27  28  29  30
  30
   1 -2.98595748816025e-01 -9.18983223885620e-01 -2.57508079908806e-01
   2 -7.81733821139621e-01 -5.67962867390972e-01 -2.57508079908806e-01
   3 -9.66276143817237e-01  1.14262278455845e-10 -2.57508079908806e-01
   4 -7.81733821952769e-01  5.67962867602922e-01 -2.57508079908806e-01
   5 -2.98595750131726e-01  9.18983224054187e-01 -2.57508079908806e-01
   6  2.98595749479540e-01  9.18983224054193e-01 -2.57508079908806e-01
   7  7.81733821834654e-01  5.67962867602922e-01 -2.57508079908806e-01
   8  9.66276144563270e-01  1.14262278455845e-10 -2.57508079908806e-01
   9  7.81733822749808e-01 -5.67962867390969e-01 -2.57508079908806e-01
  10  2.98595750960280e-01 -9.18983223885620e-01 -2.57508079908806e-01
  11 -2.98595748789213e-01 -4.10981791174625e-01 -5.71470230782916e-01
  12 -4.83138071066945e-01  1.56981075565126e-01 -5.71470231111656e-01
  13  1.13322228200381e-09  5.08001431815041e-01 -5.71470231111656e-01
  14  4.83138073248958e-01  1.56981075448918e-01 -5.71470231111658e-01
  15  2.98595750787451e-01 -4.10981791298834e-01 -5.71470230706150e-01
  16 -5.67962866264470e-01 -7.81733822174119e-01  2.57508080228484e-01
  17  1.08760759380516e-09 -9.66276144556471e-01  2.57508080228484e-01
  18  5.67962867624206e-01 -7.81733822221298e-01  2.57508080142258e-01
  19  9.18983222828535e-01 -2.98595750035902e-01  2.57508080002741e-01
  20  9.18983221763020e-01  2.98595749694198e-01  2.57508079863224e-01
  21  5.67962864834653e-01  7.81733821877233e-01  2.57508079776998e-01
  22 -2.36046268411508e-09  9.66276144208586e-01  2.57508079776998e-01
  23 -5.67962868913628e-01  7.81733821924417e-01  2.57508079863224e-01
  24 -9.18983224161343e-01  2.98595749770537e-01  2.57508080002741e-01
  25 -9.18983223149456e-01 -2.98595749959563e-01  2.57508080142258e-01
  26 -1.56981074864052e-01 -4.83138071854114e-01  5.71470230719834e-01
  27  4.10981791185755e-01 -2.98595749912403e-01  5.71470230962348e-01
  28  4.10981790102044e-01  2.98595749739024e-01  5.71470230822832e-01
  29 -1.56981077023877e-01  4.83138072028764e-01  5.71470230822832e-01
  30 -5.08001431732179e-01  1.25919554031091e-10  5.71470230556843e-01
