  35
   1   5   2  11  10  17  16
   2   5   3  11   1  16  25
   3   5   4  12   2  25  24
   4   5   5  12   3  24  23
   5   5   6  13   4  23  22
   6   5   7  13   5  22  21
   7   5   8  14   6  21  20
   8   5   9  14   7  20  19
   9   5  10  15   8  19  18
  10   5   1  15   9  18  17
  11   4  12  15   1   2
  12   4  13  11   3   4
  13   4  14  12   5   6
  14   4  15  13   7   8
  15   4  11  14   9  10
  16   5  25   2   1  17  27
  17   5  16   1  10  18  27
  18   5  17  10   9  19  28
  19   5  18   9   8  20  28
  20   5  19   8   7  21  29
  21   5  20   7   6  22  29
  22   5  21   6   5  23  30
  23   5  22   5   4  24  30
  24   5  23   4   3  25  26
  25   5  24   3   2  16  26
  26   4  31  35  24  25
  27   4  32  31  16  17
  28   4  33  32  18  19
  29   4  34  33  20  21
  30   4  35  34  22  23
  31   4  32  35  26  27
  32   4  33  31  27  28
  33   4  34  32  28  29
  34   4  35  33  29  30
  35   4  31  34  30  26
  35
   1   5   1   2   3   4   5
   2   5   6   1   5   7   8
   3   5   9   6   8  10  11
   4   5  12   9  11  13  14
   5   5  15  12  14  16  17
   6   5  18  15  17  19  20
   7   5  21  18  20  22  23
   8   5  24  21  23  25  26
   9   5  27  24  26  28  29
  10   5   2  27  29  30   3
  11   4  31   2   1   6
  12   4  31   6   9  12
  13   4  31  12  15  18
  14   4  31  18  21  24
  15   4  31  24  27   2
  16   5   7   5   4  32  33
  17   5   4   3  30  34  32
  18   5  30  29  28  35  34
  19   5  28  26  25  36  35
  20   5  25  23  22  37  36
  21   5  22  20  19  38  37
  22   5  19  17  16  39  38
  23   5  16  14  13  40  39
  24   5  13  11  10  41  40
  25   5  10   8   7  33  41
  26   4  42  40  41  33
  27   4  43  33  32  34
  28   4  44  34  35  36
  29   4  45  36  37  38
  30   4  46  38  39  40
  31   4  47  42  33  43
  32   4  47  43  34  44
  33   4  47  44  36  45
  34   4  47  45  38  46
  35   4  47  46  40  42
  47
   1   3   1   2  11
   2   4   1  11  15  10
   3   3   1  10  17
   4   3   1  17  16
   5   3   1  16   2
   6   4   2   3  12  11
   7   3   2  16  25
   8   3   2  25   3
   9   3   3   4  12
  10   3   3  25  24
  11   3   3  24   4
  12   4   4   5  13  12
  13   3   4  24  23
  14   3   4  23   5
  15   3   5   6  13
  16   3   5  23  22
  17   3   5  22   6
  18   4   6   7  14  13
  19   3   6  22  21
  20   3   6  21   7
  21   3   7   8  14
  22   3   7  21  20
  23   3   7  20   8
  24   4   8   9  15  14
  25   3   8  20  19
  26   3   8  19   9
  27   3   9  10  15
  28   3   9  19  18
  29   3   9  18  10
  30   3  10  18  17
  31   5  11  12  13  14  15
  32   3  16  17  27
  33   5  16  27  31  26  25
  34   5  17  18  28  32  27
  35   3  18  19  28
  36   5  19  20  29  33  28
  37   3  20  21  29
  38   5  21  22  30  34  29
  39   3  22  23  30
  40   5  23  24  26  35  30
  41   3  24  25  26
  42   3  26  31  35
  43   3  27  32  31
  44   3  28  33  32
  45   3  29  34  33
  46   3  30  35  34
  47   5  31  32  33  34  35
  35
   1 -2.81294384439024e-01 -8.65735098349175e-01 -4.13976094660278e-01
   2 -7.36438260634011e-01 -5.35053715882357e-01 -4.13976094660278e-01
   3 -9.10287751860318e-01  3.52223871625124e-10 -4.13976094660278e-01
   4 -7.36438261400043e-01  5.35053716571191e-01 -4.13976094660278e-01
   5 -2.81294385678491e-01  8.65735098997139e-01 -4.13976094660278e-01
   6  2.81294384559672e-01  8.65735098997144e-01 -4.13976094660278e-01
   7  7.36438260784349e-01  5.35053716571191e-01 -4.13976094660278e-01
   8  9.10287752058702e-01  3.52223871625124e-10 -4.13976094660278e-01
   9  7.36438261646477e-01 -5.35053715882354e-01 -4.13976094660278e-01
  10  2.81294385954615e-01 -8.65735098349175e-01 -4.13976094660278e-01
  11 -2.81294384413766e-01 -3.87168505398440e-01 -7.09746514159834e-01
  12 -4.55143875263359e-01  1.47885210115011e-01 -7.09746514469527e-01
  13  8.15349762699325e-10  4.78566592351277e-01 -7.09746514469527e-01
  14  4.55143876814519e-01  1.47885210005537e-01 -7.09746514469528e-01
  15  2.81294385791800e-01 -3.87168505515452e-01 -7.09746514087517e-01
  16 -5.35053715317920e-01 -7.36438261111774e-01  7.11987753320491e-02
  17  7.72378100585616e-10 -9.10287752059926e-01  7.11987753320491e-02
  18  5.35053716440682e-01 -7.36438261407786e-01  7.11987752508191e-02
  19  8.65735098119934e-01 -2.81294385653941e-01  7.11987751193860e-02
  20  8.65735097462403e-01  2.81294384444608e-01  7.11987749879535e-02
  21  5.35053714719251e-01  7.36438260411088e-01  7.11987749067235e-02
  22 -1.35543393391581e-09  9.10287751407285e-01  7.11987749067235e-02
  23 -5.35053717039356e-01  7.36438260803184e-01  7.11987749879535e-02
  24 -8.65735098759469e-01  2.81294385079034e-01  7.11987751193860e-02
  25 -8.65735098152459e-01 -2.81294385019510e-01  7.11987752508191e-02
  26 -7.74337011995736e-01  1.18558260378286e-10  5.49765367007980e-01
  27 -2.39283295315863e-01 -7.36438261107833e-01  5.49765366899957e-01
  28  6.26451802246014e-01 -4.55143876217734e-01  5.49765367030574e-01
  29  6.26451801164966e-01  4.55143875409464e-01  5.49765366817909e-01
  30 -2.39283297178839e-01  7.36438260726773e-01  5.49765366817909e-01
  31 -3.87168505565361e-01 -2.81294385081142e-01  8.45535786461875e-01
  32  1.47885210160523e-01 -4.55143875962803e-01  8.45535786710691e-01
  33  4.78566591771164e-01 -2.95180743418587e-10  8.45535786579259e-01
  34  1.47885209088814e-01  4.55143875579405e-01  8.45535786498032e-01
  35 -3.87168506002166e-01  2.81294385002246e-01  8.45535786240665e-01
