  35
   1   5   2  11  10  17  16
   2   5   3  11   1  16  25
   3   5   4  12   2  25  24
   4   5   5  12   3  24  23
   5   5   6  13   4  23  22
   6   5   7  13   5  22  21
   7   5   8  14   6  21  20
   8   5   9  14   7  20  19
   9   5  10  15   8  19  18
  10   5   1  15   9  18  17
  11   4  12  15   1   2
  12   4  13  11   3   4
  13   4  14  12   5   6
  14   4  15  13   7   8
  15   4  11  14   9  10
  16   5  25   2   1  17  26
  17   5  16   1  10  18  27
  18   5  17  10   9  19  27
  19   5  18   9   8  20  28
  20   5  19   8   7  21  28
  21   5  20   7   6  22  29
  22   5  21   6   5  23  29
  23   5  22   5   4  24  30
  24   5  23   4   3  25  30
  25   5  24   3   2  16  26
  26   4  31  35  25  16
  27   4  32  31  17  18
  28   4  33  32  19  20
  29   4  34  33  21  22
  30   4  35  34  23  24
  31   4  32  35  26  27
  32   4  33  31  27  28
  33   4  34  32  28  29
  34   4  35  33  29  30
  35   4  31  34  30  26
  35
   1   5   1   2   3   4   5
   2   5   6   1   5   7   8
   3   5   9   6   8  10  11
   4   5  12   9  11  13  14
   5   5  15  12  14  16  17
   6   5  18  15  17  19  20
   7   5  21  18  20  22  23
   8   5  24  21  23  25  26
   9   5  27  24  26  28  29
  10   5   2  27  29  30   3
  11   4  31   2   1   6
  12   4  31   6   9  12
  13   4  31  12  15  18
  14   4  31  18  21  24
  15   4  31  24  27   2
  16   5   7   5   4  32  33
  17   5   4   3  30  34  32
  18   5  30  29  28  35  34
  19   5  28  26  25  36  35
  20   5  25  23  22  37  36
  21   5  22  20  19  38  37
  22   5  19  17  16  39  38
  23   5  16  14  13  40  39
  24   5  13  11  10  41  40
  25   5  10   8   7  33  41
  26   4  42  41  33  32
  27   4  43  32  34  35
  28   4  44  35  36  37
  29   4  45  37  38  39
  30   4  46  39  40  41
  31   4  47  42  32  43
  32   4  47  43  35  44
  33   4  47  44  37  45
  34   4  47  45  39  46
  35   4  47  46  41  42
  47
   1   3   1   2  11
   2   4   1  11  15  10
   3   3   1  10  17
   4   3   1  17  16
   5   3   1  16   2
   6   4   2   3  12  11
   7   3   2  16  25
   8   3   2  25   3
   9   3   3   4  12
  10   3   3  25  24
  11   3   3  24   4
  12   4   4   5  13  12
  13   3   4  24  23
  14   3   4  23   5
  15   3   5   6  13
  16   3   5  23  22
  17   3   5  22   6
  18   4   6   7  14  13
  19   3   6  22  21
  20   3   6  21   7
  21   3   7   8  14
  22   3   7  21  20
  23   3   7  20   8
  24   4   8   9  15  14
  25   3   8  20  19
  26   3   8  19   9
  27   3   9  10  15
  28   3   9  19  18
  29   3   9  18  10
  30   3  10  18  17
  31   5  11  12  13  14  15
  32   5  16  17  27  31  26
  33   3  16  26  25
  34   3  17  18  27
  35   5  18  19  28  32  27
  36   3  19  20  28
  37   5  20  21  29  33  28
  38   3  21  22  29
  39   5  22  23  30  34  29
  40   3  23  24  30
  41   5  24  25  26  35  30
  42   3  26  31  35
  43   3  27  32  31
  44   3  28  33  32
  45   3  29  34  33
  46   3  30  35  34
  47   5  31  32  33  34  35
  35
   1 -2.81294384136106e-01 -8.65735098688848e-01 -4.13976094700282e-01
   2 -7.36438260375073e-01 -5.35053716190076e-01 -4.13976094700282e-01
   3 -9.10287751618179e-01  9.62068600278161e-11 -4.13976094700282e-01
   4 -7.36438261141105e-01  5.35053716366876e-01 -4.13976094700282e-01
   5 -2.81294385375572e-01  8.65735098824778e-01 -4.13976094700282e-01
   6  2.81294384916954e-01  8.65735098824783e-01 -4.13976094700282e-01
   7  7.36438261185612e-01  5.35053716366876e-01 -4.13976094700282e-01
   8  9.10287752476764e-01  9.62068600278161e-11 -4.13976094700282e-01
   9  7.36438262047740e-01 -5.35053716190073e-01 -4.13976094700282e-01
  10  2.81294386311896e-01 -8.65735098688848e-01 -4.13976094700282e-01
  11 -2.81294384110847e-01 -3.87168505691869e-01 -7.09746514228419e-01
  12 -4.55143874977240e-01  1.47885209873284e-01 -7.09746514538112e-01
  13  1.14544990041316e-09  4.78566592141504e-01 -7.09746514538112e-01
  14  4.55143877188600e-01  1.47885209763810e-01 -7.09746514538113e-01
  15  2.81294386149081e-01 -3.87168505808882e-01 -7.09746514156101e-01
  16 -5.35053715039523e-01 -7.36438261438953e-01  7.11987753389273e-02
  17  1.10247823829530e-09 -9.10287752403905e-01  7.11987753389273e-02
  18  5.35053716476251e-01 -7.36438261483398e-01  7.11987752576973e-02
  19  8.65735097759467e-01 -2.81294385374624e-01  7.11987751262643e-02
  20  8.65735096755691e-01  2.81294385029850e-01  7.11987749948317e-02
  21  5.35053713848331e-01  7.36438261136400e-01  7.11987749136017e-02
  22 -2.14580245357670e-09  9.10287752053307e-01  7.11987749136017e-02
  23 -5.35053717535182e-01  7.36438261180851e-01  7.11987749948317e-02
  24 -8.65735098859271e-01  2.81294385101766e-01  7.11987751262643e-02
  25 -8.65735097906015e-01 -2.81294385302709e-01  7.11987752576973e-02
  26 -6.26451801390708e-01 -4.55143875946150e-01  5.49765367156213e-01
  27  2.39283296941067e-01 -7.36438261317511e-01  5.49765366916759e-01
  28  7.74337011093443e-01 -4.63080201701638e-11  5.49765366966143e-01
  29  2.39283294136402e-01  7.36438261189655e-01  5.49765366834711e-01
  30 -6.26451803087959e-01  4.55143876039949e-01  5.49765366966143e-01
  31 -1.47885209265650e-01 -4.55143875897072e-01  8.45535786566036e-01
  32  3.87168505774221e-01 -2.81294385136970e-01  8.45535786733620e-01
  33  3.87168504765623e-01  2.81294385157423e-01  8.45535786602188e-01
  34 -1.47885211125308e-01  4.55143876035724e-01  8.45535786602188e-01
  35 -4.78566591985532e-01  3.26958342173222e-10  8.45535786395032e-01
