  40
   1   5   2  11  10  22  21
   2   5   3  12   1  21  30
   3   5   4  12   2  30  29
   4   5   5  13   3  29  28
   5   5   6  13   4  28  27
   6   5   7  14   5  27  26
   7   5   8  14   6  26  25
   8   5   9  15   7  25  24
   9   5  10  15   8  24  23
  10   5   1  11   9  23  22
  11   4  16  20  10   1
  12   4  17  16   2   3
  13   4  18  17   4   5
  14   4  19  18   6   7
  15   4  20  19   8   9
  16   4  17  20  11  12
  17   4  18  16  12  13
  18   4  19  17  13  14
  19   4  20  18  14  15
  20   4  16  19  15  11
  21   5  30   2   1  22  32
  22   5  21   1  10  23  32
  23   5  22  10   9  24  33
  24   5  23   9   8  25  33
  25   5  24   8   7  26  34
  26   5  25   7   6  27  34
  27   5  26   6   5  28  35
  28   5  27   5   4  29  35
  29   5  28   4   3  30  31
  30   5  29   3   2  21  31
  31   4  36  40  29  30
  32   4  37  36  21  22
  33   4  38  37  23  24
  34   4  39  38  25  26
  35   4  40  39  27  28
  36   4  37  40  31  32
  37   4  38  36  32  33
  38   4  39  37  33  34
  39   4  40  38  34  35
  40   4  36  39  35  31
  40
   1   5   1   2   3   4   5
   2   5   6   1   5   7   8
   3   5   9   6   8  10  11
   4   5  12   9  11  13  14
   5   5  15  12  14  16  17
   6   5  18  15  17  19  20
   7   5  21  18  20  22  23
   8   5  24  21  23  25  26
   9   5  27  24  26  28  29
  10   5   2  27  29  30   3
  11   4  31  27   2   1
  12   4  32   1   6   9
  13   4  33   9  12  15
  14   4  34  15  18  21
  15   4  35  21  24  27
  16   4  36  31   1  32
  17   4  36  32   9  33
  18   4  36  33  15  34
  19   4  36  34  21  35
  20   4  36  35  27  31
  21   5   7   5   4  37  38
  22   5   4   3  30  39  37
  23   5  30  29  28  40  39
  24   5  28  26  25  41  40
  25   5  25  23  22  42  41
  26   5  22  20  19  43  42
  27   5  19  17  16  44  43
  28   5  16  14  13  45  44
  29   5  13  11  10  46  45
  30   5  10   8   7  38  46
  31   4  47  45  46  38
  32   4  48  38  37  39
  33   4  49  39  40  41
  34   4  50  41  42  43
  35   4  51  43  44  45
  36   4  52  47  38  48
  37   4  52  48  39  49
  38   4  52  49  41  50
  39   4  52  50  43  51
  40   4  52  51  45  47
  52
   1   5   1   2  12  16  11
   2   3   1  11  10
   3   3   1  10  22
   4   3   1  22  21
   5   3   1  21   2
   6   3   2   3  12
   7   3   2  21  30
   8   3   2  30   3
   9   5   3   4  13  17  12
  10   3   3  30  29
  11   3   3  29   4
  12   3   4   5  13
  13   3   4  29  28
  14   3   4  28   5
  15   5   5   6  14  18  13
  16   3   5  28  27
  17   3   5  27   6
  18   3   6   7  14
  19   3   6  27  26
  20   3   6  26   7
  21   5   7   8  15  19  14
  22   3   7  26  25
  23   3   7  25   8
  24   3   8   9  15
  25   3   8  25  24
  26   3   8  24   9
  27   5   9  10  11  20  15
  28   3   9  24  23
  29   3   9  23  10
  30   3  10  23  22
  31   3  11  16  20
  32   3  12  17  16
  33   3  13  18  17
  34   3  14  19  18
  35   3  15  20  19
  36   5  16  17  18  19  20
  37   3  21  22  32
  38   5  21  32  36  31  30
  39   5  22  23  33  37  32
  40   3  23  24  33
  41   5  24  25  34  38  33
  42   3  25  26  34
  43   5  26  27  35  39  34
  44   3  27  28  35
  45   5  28  29  31  40  35
  46   3  29  30  31
  47   3  31  36  40
  48   3  32  37  36
  49   3  33  38  37
  50   3  34  39  38
  51   3  35  40  39
  52   5  36  37  38  39  40
  40
   1 -2.50283174153138e-01 -7.70292406488828e-01 -2.15843459794846e-01
   2 -6.55249857789926e-01 -4.76066888356963e-01 -2.15843459794846e-01
   3 -8.09933366886947e-01  2.99209236502574e-10 -2.15843459794846e-01
   4 -6.55249858471507e-01  4.76066888941489e-01 -2.15843459794846e-01
   5 -2.50283175255960e-01  7.70292407036990e-01 -2.15843459794846e-01
   6  2.50283174091217e-01  7.70292407036995e-01 -2.15843459794846e-01
   7  6.55249857754422e-01  4.76066888941489e-01 -2.15843459794846e-01
   8  8.09933366894191e-01  2.99209236502574e-10 -2.15843459794846e-01
   9  6.55249858521505e-01 -4.76066888356960e-01 -2.15843459794846e-01
  10  2.50283175332374e-01 -7.70292406488828e-01 -2.15843459794846e-01
  11  6.02592999528622e-10 -6.88970473140905e-01 -6.41650629577812e-01
  12 -6.55249857777656e-01 -2.12903584617922e-01 -6.41650629364757e-01
  13 -4.04966682859698e-01  5.57388821713629e-01 -6.41650629597913e-01
  14  4.04966684160025e-01  5.57388821625649e-01 -6.41650629597913e-01
  15  6.55249858824438e-01 -2.12903584861533e-01 -6.41650629597913e-01
  16 -2.50283174193796e-01 -3.44485236307712e-01 -9.04813932967159e-01
  17 -4.04966682869491e-01  1.31581651906547e-01 -9.04813933188544e-01
  18  6.31503164975312e-10  4.25807169823331e-01 -9.04813933188544e-01
  19  4.04966684074614e-01  1.31581651826877e-01 -9.04813933188544e-01
  20  2.50283175278231e-01 -3.44485236156269e-01 -9.04813932887278e-01
  21 -4.76066887925203e-01 -6.55249858144568e-01  2.15843460234216e-01
  22  6.02592999528622e-10 -8.09933366994099e-01  2.15843460234216e-01
  23  4.76066888754917e-01 -6.55249858407946e-01  2.15843460161941e-01
  24  7.70292406186042e-01 -2.50283175163666e-01  2.15843460044998e-01
  25  7.70292405601000e-01  2.50283174059288e-01  2.15843459928055e-01
  26  4.76066887223264e-01  6.55249857492761e-01  2.15843459855780e-01
  27 -1.29063907077465e-09  8.09933366385040e-01  2.15843459855780e-01
  28 -4.76066889456859e-01  6.55249857841630e-01  2.15843459928055e-01
  29 -7.70292406924341e-01  2.50283174623772e-01  2.15843460044998e-01
  30 -7.70292406384250e-01 -2.50283174599178e-01  2.15843460161941e-01
  31 -6.88970473304389e-01  9.13040166022710e-11  6.41650629498064e-01
  32 -2.12903584252015e-01 -6.55249858141061e-01  6.41650629401950e-01
  33  5.57388821522127e-01 -4.04966683671211e-01  6.41650629518167e-01
  34  5.57388820560259e-01  4.04966682923681e-01  6.41650629328947e-01
  35 -2.12903585909608e-01  6.55249857773644e-01  6.41650629328947e-01
  36 -3.44485236309686e-01 -2.50283174654015e-01  9.04813932683521e-01
  37  1.31581651893871e-01 -4.04966683444386e-01  9.04813932904907e-01
  38  4.25807169263948e-01 -2.76822461687482e-10  9.04813932787964e-01
  39  1.31581650940312e-01  4.04966683074887e-01  9.04813932715693e-01
  40 -3.44485236698335e-01  2.50283174555450e-01  9.04813932486699e-01
