  40
   1   5   2  11  10  22  21
   2   5   3  12   1  21  30
   3   5   4  12   2  30  29
   4   5   5  13   3  29  28
   5   5   6  13   4  28  27
   6   5   7  14   5  27  26
   7   5   8  14   6  26  25
   8   5   9  15   7  25  24
   9   5  10  15   8  24  23
  10   5   1  11   9  23  22
  11   4  16  20  10   1
  12   4  17  16   2   3
  13   4  18  17   4   5
  14   4  19  18   6   7
  15   4  20  19   8   9
  16   4  17  20  11  12
  17   4  18  16  12  13
  18   4  19  17  13  14
  19   4  20  18  14  15
  20   4  16  19  15  11
  21   5  30   2   1  22  31
  22   5  21   1  10  23  32
  23   5  22  10   9  24  32
  24   5  23   9   8  25  33
  25   5  24   8   7  26  33
  26   5  25   7   6  27  34
  27   5  26   6   5  28  34
  28   5  27   5   4  29  35
  29   5  28   4   3  30  35
  30   5  29   3   2  21  31
  31   4  36  40  30  21
  32   4  37  36  22  23
  33   4  38  37  24  25
  34   4  39  38  26  27
  35   4  40  39  28  29
  36   4  37  40  31  32
  37   4  38  36  32  33
  38   4  39  37  33  34
  39   4  40  38  34  35
  40   4  36  39  35  31
  40
   1   5   1   2   3   4   5
   2   5   6   1   5   7   8
   3   5   9   6   8  10  11
   4   5  12   9  11  13  14
   5   5  15  12  14  16  17
   6   5  18  15  17  19  20
   7   5  21  18  20  22  23
   8   5  24  21  23  25  26
   9   5  27  24  26  28  29
  10   5   2  27  29  30   3
  11   4  31  27   2   1
  12   4  32   1   6   9
  13   4  33   9  12  15
  14   4  34  15  18  21
  15   4  35  21  24  27
  16   4  36  31   1  32
  17   4  36  32   9  33
  18   4  36  33  15  34
  19   4  36  34  21  35
  20   4  36  35  27  31
  21   5   7   5   4  37  38
  22   5   4   3  30  39  37
  23   5  30  29  28  40  39
  24   5  28  26  25  41  40
  25   5  25  23  22  42  41
  26   5  22  20  19  43  42
  27   5  19  17  16  44  43
  28   5  16  14  13  45  44
  29   5  13  11  10  46  45
  30   5  10   8   7  38  46
  31   4  47  46  38  37
  32   4  48  37  39  40
  33   4  49  40  41  42
  34   4  50  42  43  44
  35   4  51  44  45  46
  36   4  52  47  37  48
  37   4  52  48  40  49
  38   4  52  49  42  50
  39   4  52  50  44  51
  40   4  52  51  46  47
  52
   1   5   1   2  12  16  11
   2   3   1  11  10
   3   3   1  10  22
   4   3   1  22  21
   5   3   1  21   2
   6   3   2   3  12
   7   3   2  21  30
   8   3   2  30   3
   9   5   3   4  13  17  12
  10   3   3  30  29
  11   3   3  29   4
  12   3   4   5  13
  13   3   4  29  28
  14   3   4  28   5
  15   5   5   6  14  18  13
  16   3   5  28  27
  17   3   5  27   6
  18   3   6   7  14
  19   3   6  27  26
  20   3   6  26   7
  21   5   7   8  15  19  14
  22   3   7  26  25
  23   3   7  25   8
  24   3   8   9  15
  25   3   8  25  24
  26   3   8  24   9
  27   5   9  10  11  20  15
  28   3   9  24  23
  29   3   9  23  10
  30   3  10  23  22
  31   3  11  16  20
  32   3  12  17  16
  33   3  13  18  17
  34   3  14  19  18
  35   3  15  20  19
  36   5  16  17  18  19  20
  37   5  21  22  32  36  31
  38   3  21  31  30
  39   3  22  23  32
  40   5  23  24  33  37  32
  41   3  24  25  33
  42   5  25  26  34  38  33
  43   3  26  27  34
  44   5  27  28  35  39  34
  45   3  28  29  35
  46   5  29  30  31  40  35
  47   3  31  36  40
  48   3  32  37  36
  49   3  33  38  37
  50   3  34  39  38
  51   3  35  40  39
  52   5  36  37  38  39  40
  40
   1 -2.50283173876659e-01 -7.70292406628180e-01 -2.15843459778044e-01
   2 -6.55249857481921e-01 -4.76066888519220e-01 -2.15843459778044e-01
   3 -8.09933366566899e-01  9.98908709100572e-11 -2.15843459778044e-01
   4 -6.55249858163502e-01  4.76066888705109e-01 -2.15843459778044e-01
   5 -2.50283174979481e-01  7.70292406777705e-01 -2.15843459778044e-01
   6  2.50283174328727e-01  7.70292406777710e-01 -2.15843459778044e-01
   7  6.55249857960406e-01  4.76066888705109e-01 -2.15843459778044e-01
   8  8.09933367088134e-01  9.98908709100572e-11 -2.15843459778044e-01
   9  6.55249858727489e-01 -4.76066888519217e-01 -2.15843459778044e-01
  10  2.50283175569884e-01 -7.70292406628180e-01 -2.15843459778044e-01
  11  8.59587842566650e-10 -6.88970473286587e-01 -6.41650629527862e-01
  12 -6.55249857469650e-01 -2.12903584800666e-01 -6.41650629314806e-01
  13 -4.04966682571177e-01  5.57388821470918e-01 -6.41650629547963e-01
  14  4.04966684385494e-01  5.57388821382939e-01 -6.41650629547963e-01
  15  6.55249859030422e-01 -2.12903585044277e-01 -6.41650629547963e-01
  16 -2.50283173917317e-01 -3.44485236480213e-01 -9.04813932896721e-01
  17 -4.04966682580970e-01  1.31581651696985e-01 -9.04813933118106e-01
  18  8.88498008011088e-10  4.25807169590864e-01 -9.04813933118106e-01
  19  4.04966684300082e-01  1.31581651617315e-01 -9.04813933118106e-01
  20  2.50283175515741e-01 -3.44485236328769e-01 -9.04813932816841e-01
  21 -4.76066887631147e-01 -6.55249858292876e-01  2.15843460217411e-01
  22  8.59587842566650e-10 -8.09933367130365e-01  2.15843460217411e-01
  23  4.76066888666787e-01 -6.55249858332421e-01  2.15843460145136e-01
  24  7.70292405694201e-01 -2.50283174842999e-01  2.15843460028193e-01
  25  7.70292404801085e-01  2.50283174564815e-01  2.15843459911250e-01
  26  4.76066886328582e-01  6.55249858052258e-01  2.15843459838976e-01
  27 -2.03058717214837e-09  8.09933366846999e-01  2.15843459838976e-01
  28 -4.76066889851673e-01  6.55249858091808e-01  2.15843459911250e-01
  29 -7.70292406915453e-01  2.50283174628803e-01  2.15843460028193e-01
  30 -7.70292406067288e-01 -2.50283174779012e-01  2.15843460145136e-01
  31 -5.57388820869843e-01 -4.04966683330435e-01  6.41650629532736e-01
  32  2.12903585454919e-01 -6.55249858184822e-01  6.41650629319680e-01
  33  6.88970472175374e-01 -2.69125014105566e-11  6.41650629363620e-01
  34  2.12903582959454e-01  6.55249858099642e-01  6.41650629246678e-01
  35 -5.57388822379982e-01  4.04966683442475e-01  6.41650629363620e-01
  36 -1.31581651280677e-01 -4.04966683286768e-01  9.04813932633064e-01
  37  3.44485236229432e-01 -2.50283174631545e-01  9.04813932782172e-01
  38  3.44485235332027e-01  2.50283174678324e-01  9.04813932665230e-01
  39 -1.31581652935317e-01  4.04966683438716e-01  9.04813932665230e-01
  40 -4.25807169586371e-01  3.05203228913443e-10  9.04813932480912e-01
