   7
   1   4   4   3   2   7
   2   4   1   3   5   7
   3   3   1   6   2
   4   4   5   6   1   7
   5   4   2   6   4   7
   6   3   3   4   5
   7   4   1   2   5   4
   7
   1   4   1   2   3   4
   2   4   2   5   6   3
   3   3   1   5   2
   4   4   7   1   4   8
   5   4   5   7   8   6
   6   3   1   7   5
   7   4   3   6   8   4
   8
   1   4   1   4   6   3
   2   3   1   3   2
   3   3   1   2   7
   4   3   1   7   4
   5   4   2   3   6   5
   6   3   2   5   7
   7   3   4   5   6
   8   3   4   7   5
   7
   1 -4.30013985748416e-01 -4.10611606565170e-01  5.70607075226795e-01
   2  1.40593089526667e-01  5.77708838901237e-01  5.70607075226795e-01
   3  7.11200164683424e-01 -4.10611606565170e-01  5.70607075226795e-01
   4 -4.30013985697179e-01 -4.10611606535589e-01 -5.70607075205046e-01
   5  1.40593089526669e-01  5.77708838842078e-01 -5.70607075205046e-01
   6  7.11200164683424e-01 -4.10611606535589e-01 -5.70607075256286e-01
   7 -8.43558536974589e-01  4.87028748458203e-01 -1.40063295059654e-11
