   8
   1   4   4   3   2   7
   2   5   5   7   1   3   8
   3   4   2   1   6   8
   4   4   5   6   1   7
   5   5   6   4   7   2   8
   6   4   3   4   5   8
   7   4   1   2   5   4
   8   4   2   3   6   5
   8
   1   4   1   2   3   4
   2   5   5   3   2   6   7
   3   4   2   1   8   6
   4   4   9   1   4  10
   5   5   9  10   5   7  11
   6   4   1   9  11   8
   7   4   3   5  10   4
   8   4   6   8  11   7
  11
   1   4   1   4   6   3
   2   3   1   3   2
   3   3   1   2   7
   4   3   1   7   4
   5   3   2   5   7
   6   3   2   3   8
   7   3   2   8   5
   8   3   3   6   8
   9   3   4   5   6
  10   3   4   7   5
  11   3   5   8   6
   8
   1 -5.32057204984899e-01 -4.39636606222664e-01  5.32057204966563e-01
   2  3.10301751336105e-11  4.81913505334317e-01  5.32057204966563e-01
   3  5.32057204936628e-01 -4.39636606222664e-01  5.32057204966563e-01
   4 -5.32057204937124e-01 -4.39636606195081e-01 -5.32057204954964e-01
   5  3.10323016613842e-11  4.81913505279154e-01 -5.32057204954964e-01
   6  5.32057204888857e-01 -4.39636606195080e-01 -5.32057204954964e-01
   7 -9.17662935458695e-01  3.97359707173905e-01 -1.74003135084191e-11
   8  9.17662935493171e-01  3.97359707048113e-01 -1.73971237167585e-11
