   9
   1   5   3   2   7   4   9
   2   5   5   7   1   3   8
   3   5   6   8   2   1   9
   4   5   1   7   5   6   9
   5   5   6   4   7   2   8
   6   5   4   5   8   3   9
   7   4   1   2   5   4
   8   4   2   3   6   5
   9   4   1   4   6   3
   9
   1   5   1   2   3   4   5
   2   5   6   2   1   7   8
   3   5   9   7   1   5  10
   4   5   3  11  12  13   4
   5   5  12  11   6   8  14
   6   5  12  14   9  10  13
   7   4   2   6  11   3
   8   4   7   9  14   8
   9   4   4  13  10   5
  14
   1   3   1   3   2
   2   3   1   2   7
   3   3   1   7   4
   4   3   1   4   9
   5   3   1   9   3
   6   3   2   5   7
   7   3   2   3   8
   8   3   2   8   5
   9   3   3   6   8
  10   3   3   9   6
  11   3   4   7   5
  12   3   4   5   6
  13   3   4   6   9
  14   3   5   8   6
   9
   1 -5.02117975969429e-01 -2.89897948581776e-01  5.02117975933550e-01
   2  1.89034567337251e-11  5.79795897163550e-01  5.02117975933550e-01
   3  5.02117975903113e-01 -2.89897948581776e-01  5.02117975933550e-01
   4 -5.02117975924342e-01 -2.89897948555745e-01 -5.02117975938992e-01
   5  1.89054636003018e-11  5.79795897111492e-01 -5.02117975938992e-01
   6  5.02117975948203e-01 -2.89897948555745e-01 -5.02117975848822e-01
   7 -8.66025403760408e-01  5.00000000041622e-01 -2.46153892349716e-11
   8  8.66025403772184e-01  4.99999999922908e-01 -2.46123789351066e-11
   9 -7.12727515443979e-12 -9.99999999964529e-01 -2.46163926682599e-11
