  11
   1   4   6   5   2  11
   2   4   1   3   7  11
   3   3   4   8   2
   4   3   5   9   3
   5   3   1  10   4
   6   4   7  10   1  11
   7   4   2   8   6  11
   8   3   3   9   7
   9   3   4  10   8
  10   3   5   6   9
  11   4   1   2   7   6
  11
   1   4   1   2   3   4
   2   4   2   5   6   3
   3   3   7   5   2
   4   3   8   7   2
   5   3   1   8   2
   6   4   9   1   4  10
   7   4   5   9  10   6
   8   3   7   9   5
   9   3   8   9   7
  10   3   1   9   8
  11   4   3   6  10   4
  10
   1   4   1   6  10   5
   2   5   1   5   4   3   2
   3   3   1   2  11
   4   3   1  11   6
   5   4   2   3   8   7
   6   3   2   7  11
   7   4   3   4   9   8
   8   4   4   5  10   9
   9   5   6   7   8   9  10
  10   3   6  11   7
  11
   1 -2.99075449447440e-01 -5.11642041464494e-01  3.94181101051231e-01
   2 -5.42692767607582e-01  2.38134968145207e-01  3.94181101051231e-01
   3  9.51056516606269e-02  7.01522643933151e-01  3.94181101051231e-01
   4  7.32904070845620e-01  2.38134968030668e-01  3.94181101051231e-01
   5  4.89286752648259e-01 -5.11642041464494e-01  3.94181101051231e-01
   6 -2.99075449412046e-01 -5.11642041415778e-01 -3.94181101044469e-01
   7 -5.42692767550313e-01  2.38134968126602e-01 -3.94181101044469e-01
   8  9.51056516606269e-02  7.01522643872936e-01 -3.94181101044469e-01
   9  7.32904070874253e-01  2.38134967949645e-01 -3.94181101009074e-01
  10  4.89286752648259e-01 -5.11642041415778e-01 -3.94181101079867e-01
  11 -9.51056516320264e-01 -3.09016994297666e-01 -3.38047345523466e-11
