  12
   1   4   6   5   2  11
   2   4   1   3   7  11
   3   4   8   2   4  12
   4   4   3   5   9  12
   5   3   1  10   4
   6   4   7  10   1  11
   7   4   2   8   6  11
   8   4   9   7   3  12
   9   4   4  10   8  12
  10   3   5   6   9
  11   4   1   2   7   6
  12   4   3   4   9   8
  12
   1   4   1   2   3   4
   2   4   2   5   6   3
   3   4   5   2   7   8
   4   4   2   9  10   7
   5   3   1   9   2
   6   4  11   1   4  12
   7   4   5  11  12   6
   8   4  11   5   8  13
   9   4   9  11  13  10
  10   3   1  11   9
  11   4   3   6  12   4
  12   4   7  10  13   8
  13
   1   4   1   6  10   5
   2   5   1   5   4   3   2
   3   3   1   2  11
   4   3   1  11   6
   5   4   2   3   8   7
   6   3   2   7  11
   7   3   3   4  12
   8   3   3  12   8
   9   4   4   5  10   9
  10   3   4   9  12
  11   5   6   7   8   9  10
  12   3   6  11   7
  13   3   8  12   9
  12
   1 -3.32967466453964e-01 -5.42866751205351e-01  3.63691624112213e-01
   2 -5.57741251564256e-01  1.48915826943978e-01  3.63691624112213e-01
   3  3.07241577053689e-02  5.76460972941558e-01  3.63691624112213e-01
   4  6.19189566898213e-01  1.48915826838298e-01  3.63691624112213e-01
   5  3.94415781753582e-01 -5.42866751205351e-01  3.63691624112213e-01
   6 -3.32967466421307e-01 -5.42866751160402e-01 -3.63691624095333e-01
   7 -5.57741251511416e-01  1.48915826926812e-01 -3.63691624095333e-01
   8  3.07241577053689e-02  5.76460972886001e-01 -3.63691624095333e-01
   9  6.19189566845376e-01  1.48915826821129e-01 -3.63691624095333e-01
  10  3.94415781753582e-01 -5.42866751160402e-01 -3.63691624127993e-01
  11 -9.34518511051365e-01 -3.55914529771321e-01 -2.58694626273150e-11
  12  6.27276934340816e-01  7.78796281145051e-01 -2.58687358254481e-11
