  13
   1   4   7   6   2  13
   2   4   1   3   8  13
   3   3   4   9   2
   4   3   5  10   3
   5   3   6  11   4
   6   3   1  12   5
   7   4   8  12   1  13
   8   4   2   9   7  13
   9   3   3  10   8
  10   3   4  11   9
  11   3   5  12  10
  12   3   6   7  11
  13   4   1   2   8   7
  13
   1   4   1   2   3   4
   2   4   2   5   6   3
   3   3   7   5   2
   4   3   8   7   2
   5   3   9   8   2
   6   3   1   9   2
   7   4  10   1   4  11
   8   4   5  10  11   6
   9   3   7  10   5
  10   3   8  10   7
  11   3   9  10   8
  12   3   1  10   9
  13   4   3   6  11   4
  11
   1   4   1   7  12   6
   2   6   1   6   5   4   3   2
   3   3   1   2  13
   4   3   1  13   7
   5   4   2   3   9   8
   6   3   2   8  13
   7   4   3   4  10   9
   8   4   4   5  11  10
   9   4   5   6  12  11
  10   6   7   8   9  10  11  12
  11   3   7  13   8
  13
   1 -2.72154898668278e-01 -5.54719445349406e-01  3.44323682295301e-01
   2 -6.16478580978333e-01  4.16666667432613e-02  3.44323682295301e-01
   3 -2.72154898614727e-01  6.38052778681342e-01  3.44323682295301e-01
   4  4.16492465969679e-01  6.38052778619501e-01  3.44323682295301e-01
   5  7.60816148226183e-01  4.16666666195898e-02  3.44323682295301e-01
   6  4.16492465916130e-01 -5.54719445349406e-01  3.44323682295301e-01
   7 -2.72154898637360e-01 -5.54719445295854e-01 -3.44323682289107e-01
   8 -6.16478580916498e-01  4.16666667432633e-02 -3.44323682289107e-01
   9 -2.72154898583809e-01  6.38052778627786e-01 -3.44323682289107e-01
  10  4.16492466031519e-01  6.38052778565952e-01 -3.44323682258189e-01
  11  7.60816148164350e-01  4.16666666195898e-02 -3.44323682289107e-01
  12  4.16492465916130e-01 -5.54719445295854e-01 -3.44323682320027e-01
  13 -8.66025403824987e-01 -4.99999999929768e-01 -3.71613635581036e-11
