  14
   1   4   7   6   2  13
   2   4   1   3   8  13
   3   3   4   9   2
   4   4  10   3   5  14
   5   4   4   6  11  14
   6   3   1  12   5
   7   4   8  12   1  13
   8   4   2   9   7  13
   9   3   3  10   8
  10   4  11   9   4  14
  11   4   5  12  10  14
  12   3   6   7  11
  13   4   1   2   8   7
  14   4   4   5  11  10
  14
   1   4   1   2   3   4
   2   4   2   5   6   3
   3   3   7   5   2
   4   4   7   2   8   9
   5   4   2  10  11   8
   6   3   1  10   2
   7   4  12   1   4  13
   8   4   5  12  13   6
   9   3   7  12   5
  10   4  12   7   9  14
  11   4  10  12  14  11
  12   3   1  12  10
  13   4   3   6  13   4
  14   4   8  11  14   9
  14
   1   4   1   7  12   6
   2   6   1   6   5   4   3   2
   3   3   1   2  13
   4   3   1  13   7
   5   4   2   3   9   8
   6   3   2   8  13
   7   4   3   4  10   9
   8   3   4   5  14
   9   3   4  14  10
  10   4   5   6  12  11
  11   3   5  11  14
  12   6   7   8   9  10  11  12
  13   3   7  13   8
  14   3  10  14  11
  14
   1 -3.17837245220558e-01 -5.50510257236836e-01  3.17837245191420e-01
   2 -6.35674490429949e-01  7.96625005498291e-11  3.17837245191420e-01
   3 -3.17837245171126e-01  5.50510257253466e-01  3.17837245191420e-01
   4  3.17837245214700e-01  5.50510257196383e-01  3.17837245191420e-01
   5  6.35674490374661e-01 -3.44957465710736e-11  3.17837245191420e-01
   6  3.17837245165270e-01 -5.50510257236836e-01  3.17837245191420e-01
   7 -3.17837245192018e-01 -5.50510257187404e-01 -3.17837245194408e-01
   8 -6.35674490372870e-01  7.96644060490586e-11 -3.17837245194408e-01
   9 -3.17837245142586e-01  5.50510257204030e-01 -3.17837245194408e-01
  10  3.17837245271784e-01  5.50510257146953e-01 -3.17837245165868e-01
  11  6.35674490403202e-01 -3.44951114046637e-11 -3.17837245165871e-01
  12  3.17837245165270e-01 -5.50510257187404e-01 -3.17837245222950e-01
  13 -8.66025403826941e-01 -4.99999999926384e-01 -3.86555572502750e-11
  14  8.66025403761162e-01  4.99999999883696e-01  2.80483134927378e-11
