  14
   1   4   7   6   2  13
   2   4   1   3   8  13
   3   4   9   2   4  14
   4   4   3   5  10  14
   5   3   6  11   4
   6   3   1  12   5
   7   4   8  12   1  13
   8   4   2   9   7  13
   9   4  10   8   3  14
  10   4   4  11   9  14
  11   3   5  12  10
  12   3   6   7  11
  13   4   1   2   8   7
  14   4   3   4  10   9
  14
   1   4   1   2   3   4
   2   4   2   5   6   3
   3   4   5   2   7   8
   4   4   2   9  10   7
   5   3  11   9   2
   6   3   1  11   2
   7   4  12   1   4  13
   8   4   5  12  13   6
   9   4  12   5   8  14
  10   4   9  12  14  10
  11   3  11  12   9
  12   3   1  12  11
  13   4   3   6  13   4
  14   4   7  10  14   8
  14
   1   4   1   7  12   6
   2   6   1   6   5   4   3   2
   3   3   1   2  13
   4   3   1  13   7
   5   4   2   3   9   8
   6   3   2   8  13
   7   3   3   4  14
   8   3   3  14   9
   9   4   4   5  11  10
  10   3   4  10  14
  11   4   5   6  12  11
  12   6   7   8   9  10  11  12
  13   3   7  13   8
  14   3   9  14  10
  14
   1 -2.64914433346690e-01 -6.06689512395196e-01  3.28932873297781e-01
   2 -5.93847306653919e-01 -3.69610634686956e-02  3.28932873297781e-01
   3 -2.64914433295532e-01  5.32767385310128e-01  3.28932873297781e-01
   4  3.92951313284820e-01  5.32767385251052e-01  3.28932873297781e-01
   5  7.21884186540893e-01 -3.69610635868391e-02  3.28932873297781e-01
   6  3.92951313233664e-01 -6.06689512395196e-01  3.28932873297781e-01
   7 -2.64914433317154e-01 -6.06689512344038e-01 -3.28932873282573e-01
   8 -5.93847306594848e-01 -3.69610634686937e-02 -3.28932873282573e-01
   9 -2.64914433265996e-01  5.32767385258966e-01 -3.28932873282573e-01
  10  3.92951313255288e-01  5.32767385199890e-01 -3.28932873282573e-01
  11  7.21884186481824e-01 -3.69610635868391e-02 -3.28932873282573e-01
  12  3.92951313233664e-01 -6.06689512344038e-01 -3.28932873312111e-01
  13 -8.32239719609487e-01 -5.54415953147384e-01 -3.08546598172674e-11
  14  6.40184400534708e-02  9.97948715716882e-01 -3.08572891769836e-11
