  15
   1   4   7   6   2  13
   2   4   1   3   8  13
   3   4   9   2   4  14
   4   4   3   5  10  14
   5   4  11   4   6  15
   6   4   5   1  12  15
   7   4   8  12   1  13
   8   4   2   9   7  13
   9   4  10   8   3  14
  10   4   4  11   9  14
  11   4  12  10   5  15
  12   4   6   7  11  15
  13   4   1   2   8   7
  14   4   3   4  10   9
  15   4   5   6  12  11
  15
   1   4   1   2   3   4
   2   4   2   5   6   3
   3   4   5   2   7   8
   4   4   2   9  10   7
   5   4   9   2  11  12
   6   4   2   1  13  11
   7   4  14   1   4  15
   8   4   5  14  15   6
   9   4  14   5   8  16
  10   4   9  14  16  10
  11   4  14   9  12  17
  12   4   1  14  17  13
  13   4   3   6  15   4
  14   4   7  10  16   8
  15   4  11  13  17  12
  17
   1   4   1   7  12   6
   2   6   1   6   5   4   3   2
   3   3   1   2  13
   4   3   1  13   7
   5   4   2   3   9   8
   6   3   2   8  13
   7   3   3   4  14
   8   3   3  14   9
   9   4   4   5  11  10
  10   3   4  10  14
  11   3   5   6  15
  12   3   5  15  11
  13   3   6  12  15
  14   6   7   8   9  10  11  12
  15   3   7  13   8
  16   3   9  14  10
  17   3  11  15  12
  15
   1 -3.17837245210197e-01 -5.50510257244894e-01  3.17837245203842e-01
   2 -6.35674490423084e-01  7.76596091382773e-11  3.17837245203842e-01
   3 -3.17837245160765e-01  5.50510257257518e-01  3.17837245203842e-01
   4  3.17837245232053e-01  5.50510257200435e-01  3.17837245203842e-01
   5  6.35674490395509e-01 -3.64986379838809e-11  3.17837245203842e-01
   6  3.17837245182623e-01 -5.50510257244894e-01  3.17837245203842e-01
   7 -3.17837245181657e-01 -5.50510257195462e-01 -3.17837245188977e-01
   8 -6.35674490366005e-01  7.76615146375069e-11 -3.17837245188977e-01
   9 -3.17837245132225e-01  5.50510257208082e-01 -3.17837245188977e-01
  10  3.17837245203517e-01  5.50510257150999e-01 -3.17837245188977e-01
  11  6.35674490338432e-01 -3.64986379838809e-11 -3.17837245188977e-01
  12  3.17837245154084e-01 -5.50510257195464e-01 -3.17837245188977e-01
  13 -8.66025403822609e-01 -4.99999999933887e-01 -2.97291049616293e-11
  14  9.24862986436597e-11  9.99999999934748e-01 -2.97316456272687e-11
  15  8.66025403697838e-01 -5.00000000019507e-01 -2.97278346288096e-11
