  21
   1   4   6   5   2  21
   2   4   1   3   7  21
   3   3   2   4   8
   4   3   3   5   9
   5   3   1  10   4
   6   4  12  11   1  21
   7   4   2  13  12  21
   8   3   3  14  13
   9   3   4  15  14
  10   3   5  11  15
  11   3   6  16  10
  12   4   7  17   6  21
  13   3   7   8  18
  14   3   8   9  19
  15   3   9  10  20
  16   3  11  17  20
  17   3  12  18  16
  18   3  13  19  17
  19   3  14  20  18
  20   3  15  16  19
  21   5   1   2   7  12   6
  21
   1   4   1   2   3   4
   2   4   2   5   6   3
   3   3   2   7   5
   4   3   2   8   7
   5   3   1   8   2
   6   4   9   1   4  10
   7   4   5  11  12   6
   8   3   7  13   5
   9   3   8  14   7
  10   3   1  15   8
  11   3   9  15   1
  12   4  11   9  10  12
  13   3   5  13  11
  14   3   7  14  13
  15   3   8  15  14
  16   3   9  16  15
  17   3  11  16   9
  18   3  13  16  11
  19   3  14  16  13
  20   3  15  16  14
  21   5   3   6  12  10   4
  16
   1   5   1   6  11  10   5
   2   5   1   5   4   3   2
   3   3   1   2  21
   4   3   1  21   6
   5   5   2   3   8  13   7
   6   3   2   7  21
   7   5   3   4   9  14   8
   8   5   4   5  10  15   9
   9   5   6  12  17  16  11
  10   3   6  21  12
  11   5   7  13  18  17  12
  12   3   7  12  21
  13   5   8  14  19  18  13
  14   5   9  15  20  19  14
  15   5  10  11  16  20  15
  16   5  16  17  18  19  20
  21
   1 -3.20268908448364e-01 -4.40812335362081e-01  6.63249341181041e-01
   2  3.20268908495653e-01 -4.40812335362081e-01  6.63249341181041e-01
   3  5.18205979477367e-01 -7.13249341243194e-01  1.18375329358584e-01
   4  1.10560554191095e-11 -8.81624670644919e-01 -2.18375329482090e-01
   5 -5.18205979391074e-01 -7.13249341231942e-01  1.18375329381087e-01
   6 -5.18205979415537e-01  1.68375329461952e-01  6.63249341181041e-01
   7  5.18205979364972e-01  1.68375329461952e-01  6.63249341181041e-01
   8  8.38474887904154e-01 -2.72437005894041e-01 -2.18375329509114e-01
   9 -6.89810615517778e-11 -5.44874011775685e-01 -7.63249341205452e-01
  10 -8.38474887832018e-01 -2.72437005775525e-01 -2.18375329460299e-01
  11 -8.38474887816899e-01  2.72437005964807e-01  1.18375329433498e-01
  12 -5.55201801180461e-11  5.44874011834486e-01  6.63249341181041e-01
  13  8.38474887873997e-01  2.72437005847115e-01  1.18375329363218e-01
  14  5.18205979354031e-01 -1.68375329406615e-01 -7.63249341273593e-01
  15 -5.18205979517384e-01 -1.68375329450870e-01 -7.63249341059563e-01
  16 -5.18205979219885e-01  7.13249341225699e-01 -2.18375329352573e-01
  17  2.65088253009173e-10  8.81624670581574e-01  1.18375329555704e-01
  18  5.18205979262703e-01  7.13249341089174e-01 -2.18375329447238e-01
  19  3.20268908330207e-01  4.40812335370253e-01 -7.63249341169826e-01
  20 -3.20268908613811e-01  4.40812335285388e-01 -7.63249341037548e-01
  21  4.02479544169170e-11  2.45543072510398e-11  1.00000000000000e+00
