  22
   1   4   6   5   2  21
   2   4   1   3   7  21
   3   3   2   4   8
   4   3   3   5   9
   5   3   1  10   4
   6   4  12  11   1  21
   7   4   2  13  12  21
   8   3   3  14  13
   9   4  14   4  15  22
  10   3   5  11  15
  11   3   6  16  10
  12   4   7  17   6  21
  13   3   7   8  18
  14   4  19   8   9  22
  15   4   9  10  20  22
  16   3  11  17  20
  17   3  12  18  16
  18   3  13  19  17
  19   4  20  18  14  22
  20   4  15  16  19  22
  21   5   1   2   7  12   6
  22   5   9  15  20  19  14
  22
   1   4   1   2   3   4
   2   4   2   5   6   3
   3   3   2   7   5
   4   3   2   8   7
   5   3   1   8   2
   6   4   9   1   4  10
   7   4   5  11  12   6
   8   3   7  13   5
   9   4   7   8  14  15
  10   3   1  16   8
  11   3   9  16   1
  12   4  11   9  10  12
  13   3   5  13  11
  14   4  13   7  15  17
  15   4   8  16  18  14
  16   3   9  19  16
  17   3  11  19   9
  18   3  13  19  11
  19   4  19  13  17  20
  20   4  16  19  20  18
  21   5   3   6  12  10   4
  22   5  14  18  20  17  15
  20
   1   5   1   6  11  10   5
   2   5   1   5   4   3   2
   3   3   1   2  21
   4   3   1  21   6
   5   5   2   3   8  13   7
   6   3   2   7  21
   7   5   3   4   9  14   8
   8   5   4   5  10  15   9
   9   5   6  12  17  16  11
  10   3   6  21  12
  11   5   7  13  18  17  12
  12   3   7  12  21
  13   5   8  14  19  18  13
  14   3   9  15  22
  15   3   9  22  14
  16   5  10  11  16  20  15
  17   3  14  22  19
  18   3  15  20  22
  19   5  16  17  18  19  20
  20   3  19  22  20
  22
   1 -3.05018008050563e-01 -4.19821271771486e-01  6.79285086838022e-01
   2  3.05018008088621e-01 -4.19821271771486e-01  6.79285086838022e-01
   3  4.93529504262307e-01 -6.79285086897216e-01  1.60357456529198e-01
   4  7.04028434191575e-12 -8.39642543470820e-01 -1.60357456653460e-01
   5 -4.93529504187102e-01 -6.79285086886501e-01  1.60357456550629e-01
   6 -4.93529504210401e-01  1.60357456634281e-01  6.79285086838022e-01
   7  4.93529504155264e-01  1.60357456634281e-01  6.79285086838022e-01
   8  7.98547512288831e-01 -2.59463815134725e-01 -1.60357456679197e-01
   9 -6.91855413448965e-11 -5.18927630260962e-01 -6.79285086867908e-01
  10 -7.98547512227109e-01 -2.59463815021852e-01 -1.60357456632707e-01
  11 -7.98547512212710e-01  2.59463815208757e-01  1.60357456600545e-01
  12 -5.63656542651095e-11  5.18927630323598e-01  6.79285086838022e-01
  13  7.98547512260110e-01  2.59463815096669e-01  1.60357456533611e-01
  14  4.93529504144845e-01 -1.60357456574943e-01 -6.79285086932804e-01
  15 -4.93529504307398e-01 -1.60357456617091e-01 -6.79285086728967e-01
  16 -4.93529504024065e-01  6.79285086887190e-01 -1.60357456530111e-01
  17  2.48975710618970e-10  8.39642543417127e-01  1.60357456716932e-01
  18  4.93529504057866e-01  6.79285086757167e-01 -1.60357456620268e-01
  19  3.05018008024305e-01  4.19821271694710e-01 -6.79285086833972e-01
  20 -3.05018008075193e-01  4.19821271668656e-01 -6.79285086707993e-01
  21  3.48420929113485e-11  2.67028266177820e-11  1.00000000000000e+00
  22 -1.52914806587402e-10  5.79452312883354e-11 -9.99999999933638e-01
