  22
   1   4   6   5   2  21
   2   4   1   3   7  21
   3   3   2   4   8
   4   3   3   5   9
   5   3   1  10   4
   6   4  12  11   1  21
   7   4   2  13  12  21
   8   4  13   3  14  22
   9   3   4  15  14
  10   3   5  11  15
  11   3   6  16  10
  12   4   7  17   6  21
  13   4  18   7   8  22
  14   4   8   9  19  22
  15   3   9  10  20
  16   3  11  17  20
  17   3  12  18  16
  18   4  19  17  13  22
  19   4  14  20  18  22
  20   3  15  16  19
  21   5   1   2   7  12   6
  22   5   8  14  19  18  13
  22
   1   4   1   2   3   4
   2   4   2   5   6   3
   3   3   2   7   5
   4   3   2   8   7
   5   3   1   8   2
   6   4   9   1   4  10
   7   4   5  11  12   6
   8   4   5   7  13  14
   9   3   8  15   7
  10   3   1  16   8
  11   3   9  16   1
  12   4  11   9  10  12
  13   4  11   5  14  17
  14   4   7  15  18  13
  15   3   8  16  15
  16   3   9  19  16
  17   3  11  19   9
  18   4  19  11  17  20
  19   4  15  19  20  18
  20   3  16  19  15
  21   5   3   6  12  10   4
  22   5  13  18  20  17  14
  20
   1   5   1   6  11  10   5
   2   5   1   5   4   3   2
   3   3   1   2  21
   4   3   1  21   6
   5   5   2   3   8  13   7
   6   3   2   7  21
   7   5   3   4   9  14   8
   8   5   4   5  10  15   9
   9   5   6  12  17  16  11
  10   3   6  21  12
  11   5   7  13  18  17  12
  12   3   7  12  21
  13   3   8  14  22
  14   3   8  22  13
  15   5   9  15  20  19  14
  16   5  10  11  16  20  15
  17   3  13  22  18
  18   3  14  19  22
  19   5  16  17  18  19  20
  20   3  18  22  19
  22
   1 -3.52235988555073e-01 -4.43143809882323e-01  6.70436135868615e-01
   2  2.72979814430868e-01 -4.43143809882323e-01  6.70436135868615e-01
   3  4.66182122711338e-01 -7.09063973983941e-01  1.38595807606587e-01
   4 -3.96280870743900e-02 -8.73411673667257e-01 -1.90099591796377e-01
   5 -5.45438296797473e-01 -7.09063973972959e-01  1.38595807628552e-01
   6 -5.45438296821351e-01  1.51471753722061e-01  6.70436135868615e-01
   7  4.66182122601631e-01  1.51471753722061e-01  6.70436135868615e-01
   8  7.78790024160169e-01 -2.78796110134279e-01 -1.90099591822755e-01
   9 -3.96280871525125e-02 -5.44716274236415e-01 -7.21939919961680e-01
  10 -8.58046198260122e-01 -2.78796110018597e-01 -1.90099591775107e-01
  11 -8.58046198245365e-01  2.53044218163270e-01  1.38595807679709e-01
  12 -3.96280871393737e-02  5.18964382253728e-01  6.70436135868615e-01
  13  7.78790024130733e-01  2.53044218048393e-01  1.38595807611110e-01
  14  4.66182122590953e-01 -1.77223645708129e-01 -7.21939920028191e-01
  15 -5.45438296920761e-01 -1.77223645751326e-01 -7.21939919819281e-01
  16 -5.45438296630379e-01  6.83312081926783e-01 -1.90099591669958e-01
  17 -3.96280868264343e-02  8.47659781565344e-01  1.38595807798992e-01
  18  4.66182122591084e-01  6.83312081849937e-01 -1.90099591725803e-01
  19  2.72979814295875e-01  4.17391917792823e-01 -7.21939919918059e-01
  20 -3.52235988716562e-01  4.17391917767382e-01 -7.21939919797793e-01
  21 -3.96280870458963e-02 -1.28759459960740e-02  9.99131535250384e-01
  22  8.32189828673040e-01  2.70394866421842e-01 -4.84093694603404e-01
