  23
   1   4   6   5   2  21
   2   4   1   3   7  21
   3   3   2   4   8
   4   4   9   3   5  23
   5   4   4   1  10  23
   6   4  12  11   1  21
   7   4   2  13  12  21
   8   4  13   3  14  22
   9   4  15  14   4  23
  10   4   5  11  15  23
  11   3   6  16  10
  12   4   7  17   6  21
  13   4  18   7   8  22
  14   4   8   9  19  22
  15   4  10  20   9  23
  16   3  11  17  20
  17   3  12  18  16
  18   4  19  17  13  22
  19   4  14  20  18  22
  20   3  15  16  19
  21   5   1   2   7  12   6
  22   5   8  14  19  18  13
  23   5   4   5  10  15   9
  23
   1   4   1   2   3   4
   2   4   2   5   6   3
   3   3   2   7   5
   4   4   7   2   8   9
   5   4   2   1  10   8
   6   4  11   1   4  12
   7   4   5  13  14   6
   8   4   5   7  15  16
   9   4  17   7   9  18
  10   4   1  19  20  10
  11   3  11  19   1
  12   4  13  11  12  14
  13   4  13   5  16  21
  14   4   7  17  22  15
  15   4  19  17  18  20
  16   3  11  23  19
  17   3  13  23  11
  18   4  23  13  21  24
  19   4  17  23  24  22
  20   3  19  23  17
  21   5   3   6  14  12   4
  22   5  15  22  24  21  16
  23   5   8  10  20  18   9
  24
   1   5   1   6  11  10   5
   2   5   1   5   4   3   2
   3   3   1   2  21
   4   3   1  21   6
   5   5   2   3   8  13   7
   6   3   2   7  21
   7   5   3   4   9  14   8
   8   3   4   5  23
   9   3   4  23   9
  10   3   5  10  23
  11   5   6  12  17  16  11
  12   3   6  21  12
  13   5   7  13  18  17  12
  14   3   7  12  21
  15   3   8  14  22
  16   3   8  22  13
  17   5   9  15  20  19  14
  18   3   9  23  15
  19   5  10  11  16  20  15
  20   3  10  15  23
  21   3  13  22  18
  22   3  14  19  22
  23   5  16  17  18  19  20
  24   3  18  22  19
  23
   1 -3.20523204791546e-01 -4.02106263908833e-01  6.77608689794352e-01
   2  2.92147301494510e-01 -4.02106263908833e-01  6.77608689794352e-01
   3  4.81472899895118e-01 -6.62690594621077e-01  1.56440028312254e-01
   4 -1.41879516605588e-02 -8.23740567911962e-01 -1.65659918305121e-01
   5 -5.09848803154847e-01 -6.62690594610315e-01  1.56440028333778e-01
   6 -5.09848803178246e-01  1.80578013518584e-01  6.77608689794352e-01
   7  4.81472899787612e-01  1.80578013518584e-01  6.77608689794352e-01
   8  7.87808152994891e-01 -2.41056290554518e-01 -1.65659918330970e-01
   9 -1.41879517371138e-02 -5.01640621267269e-01 -6.86828579692436e-01
  10 -8.16184056258930e-01 -2.41056290606746e-01 -1.65659918313784e-01
  11 -8.16184056253700e-01  2.80112370962389e-01  1.56440028383909e-01
  12 -1.41879517242385e-02  5.40696701663695e-01  6.77608689794352e-01
  13  7.87808152966046e-01  2.80112370849817e-01  1.56440028316686e-01
  14  4.81472899777148e-01 -1.41521933125471e-01 -6.86828579757612e-01
  15 -5.09848803202996e-01 -1.41521933197680e-01 -6.86828579697791e-01
  16 -5.09848802991106e-01  7.01746674944526e-01 -1.65659918181239e-01
  17 -1.41879514175785e-02  8.62796648191556e-01  1.56440028500799e-01
  18  4.81472899777277e-01  7.01746674869223e-01 -1.65659918235963e-01
  19  2.92147301362225e-01  4.41162344200590e-01 -6.86828579649690e-01
  20 -3.20523204949794e-01  4.41162344175661e-01 -6.86828579531837e-01
  21 -1.41879516326369e-02  1.95280401935779e-02  9.99708636390958e-01
  22  8.40136461252980e-01  2.97114868983396e-01 -4.53754868803271e-01
  23 -5.42189476354515e-01 -7.07203712358896e-01 -4.53754868710433e-01
