  10
   1   4   5   2   6  10
   2   3   3   6   1
   3   3   4   8   2
   4   4   5   9   8   3
   5   4   9   4   1  10
   6   4   1   2   7  10
   7   4   6   8   9  10
   8   4   9   7   3   4
   9   5   7   8   4   5  10
  10   5   1   6   7   9   5
  10
   1   4   1   2   3   4
   2   3   5   2   1
   3   3   6   5   1
   4   4   7   8   6   1
   5   4   7   1   4   9
   6   4   2   5  10   3
   7   4   5  11  12  10
   8   4  11   5   6   8
   9   5  11   8   7   9  12
  10   5   3  10  12   9   4
  12
   1   5   1   5   4   3   2
   2   3   1   2   6
   3   3   1   6  10
   4   3   1  10   5
   5   5   2   3   8   7   6
   6   3   3   4   8
   7   3   4   5   9
   8   3   4   9   8
   9   3   5  10   9
  10   3   6   7  10
  11   3   7   8   9
  12   3   7   9  10
  10
   1 -4.81948834202616e-01 -7.14020761447015e-01  3.27976132293093e-01
   2  4.79437787342540e-11 -8.70615430230653e-01 -4.91964198539177e-01
   3  2.59437051294035e-11 -5.06750992271357e-02 -9.98715191655919e-01
   4 -4.81948834199606e-01  6.12670562764805e-01 -4.91964198414988e-01
   5 -7.79809594579834e-01  2.02700397304502e-01  3.27976132293093e-01
   6  4.81948834248534e-01 -7.14020761447015e-01  3.27976132293093e-01
   7  7.79809594478497e-01  2.02700397304502e-01  3.27976132293093e-01
   8  4.81948834229365e-01  6.12670562694122e-01 -4.91964198296085e-01
   9 -9.61705563577439e-11  7.69265231595203e-01  3.27976132293093e-01
  10  4.79437787342540e-11 -5.06750993113159e-02  8.34727125440704e-01
