   9
   1   3   2   6   5
   2   3   3   6   1
   3   3   4   8   2
   4   4   5   9   8   3
   5   3   1   9   4
   6   3   7   1   2
   7   3   8   9   6
   8   4   9   7   3   4
   9   4   7   8   4   5
   9
   1   3   1   2   3
   2   3   4   1   3
   3   3   5   4   3
   4   4   6   7   5   3
   5   3   2   6   3
   6   3   2   1   4
   7   3   8   2   4
   8   4   8   4   5   7
   9   4   8   7   6   2
   8
   1   3   1   2   6
   2   5   1   6   7   9   5
   3   5   1   5   4   3   2
   4   5   2   3   8   7   6
   5   3   3   4   8
   6   3   4   5   9
   7   3   4   9   8
   8   3   7   8   9
   9
   1 -5.00516800965404e-01 -7.47377221218932e-01  4.36932742098112e-01
   2  1.08379744982727e-11 -9.10004988109168e-01 -4.14597300541663e-01
   3 -1.20096924725678e-11 -5.84749452915478e-02 -9.40871809247004e-01
   4 -5.00516800962277e-01  6.30427330399116e-01 -4.14597300412690e-01
   5 -8.09853195879991e-01  2.04662309033359e-01  4.36932742098112e-01
   6  5.00516800935184e-01 -7.47377221218932e-01  4.36932742098112e-01
   7  8.09853195897030e-01  2.04662308887921e-01  4.36932742098112e-01
   8  5.00516800915278e-01  6.30427330325711e-01 -4.14597300289205e-01
   9  6.13521000218055e-11  7.93055097192474e-01  4.36932742098112e-01
