  10
   1   4   6   5   2  10
   2   4   1   3   6  10
   3   3   4   8   2
   4   4   5   9   8   3
   5   3   1   9   4
   6   4   2   7   1  10
   7   3   8   9   6
   8   4   9   7   3   4
   9   4   7   8   4   5
  10   3   1   2   6
  10
   1   4   1   2   3   4
   2   4   2   5   6   3
   3   3   7   5   2
   4   4   8   9   7   2
   5   3   1   8   2
   6   4   5   1   4   6
   7   3  10   1   5
   8   4  10   5   7   9
   9   4  10   9   8   1
  10   3   3   6   4
  10
   1   5   1   6   7   9   5
   2   5   1   5   4   3   2
   3   3   1   2  10
   4   3   1  10   6
   5   5   2   3   8   7   6
   6   3   2   6  10
   7   3   3   4   8
   8   3   4   5   9
   9   3   4   9   8
  10   3   7   8   9
  10
   1 -3.40470637713848e-01 -3.99255971085310e-01  2.76374725012181e-01
   2  7.22347270041816e-12 -5.09881587241001e-01 -3.02868521349847e-01
   3 -8.31838269550085e-12  6.93616592420040e-02 -6.60860535295761e-01
   4 -3.40470637711721e-01  5.37979289408292e-01 -3.02868521262115e-01
   5 -5.50893063977029e-01  2.48357666196075e-01  2.76374725012181e-01
   6  3.40470637692994e-01 -3.99255971085310e-01  2.76374725012181e-01
   7  5.50893063988322e-01  2.48357666097143e-01  2.76374725012181e-01
   8  3.40470637679453e-01  5.37979289358358e-01 -3.02868521178116e-01
   9  4.15851095073629e-11  6.48604905498083e-01  2.76374725012181e-01
  10  1.34007971917668e-12 -9.82246946388333e-01  1.87592474024934e-01
