  15
   1   4   6   2   7  13
   2   3   3   7   1
   3   3   4   8   2
   4   3   5   8   3
   5   3   6   9   4
   6   4   9   5   1  13
   7   4   1   2  10  14
   8   3  11   3   4
   9   4  12   5   6  15
  10   4   7  11  12  14
  11   3  12  10   8
  12   4  10  11   9  15
  13   4  14  15   6   1
  14   4  15  13   7  10
  15   4  13  14  12   9
  15
   1   4   1   2   3   4
   2   3   5   2   1
   3   3   6   5   1
   4   3   7   6   1
   5   3   8   7   1
   6   4   8   1   4   9
   7   4   2   5  10   3
   8   3   5   6   7
   9   4   7   8   9  11
  10   4   5  12  13  10
  11   3  12   5   7
  12   4  12   7  11  13
  13   4  14   9   4   3
  14   4  14   3  10  13
  15   4  14  13  11   9
  14
   1   6   1   6   5   4   3   2
   2   3   1   2   7
   3   4   1   7  14  13
   4   3   1  13   6
   5   6   2   3   8  11  10   7
   6   3   3   4   8
   7   6   4   5   9  12  11   8
   8   3   5   6   9
   9   4   6  13  15   9
  10   3   7  10  14
  11   3   9  15  12
  12   3  10  11  12
  13   4  10  12  15  14
  14   3  13  14  15
  15
   1 -3.50070020993249e-01 -4.17700243210174e-01  4.95440357100906e-01
   2 -7.00140042027028e-01  1.88638819510860e-01  4.95440357100906e-01
   3 -3.50070020938804e-01  7.94977882074728e-01  4.95440357100906e-01
   4  3.50070021092455e-01  7.94977882011855e-01  4.95440357100906e-01
   5  7.00140042071790e-01  1.88638819385125e-01  4.95440357100906e-01
   6  3.50070021038012e-01 -4.17700243210174e-01  4.95440357100906e-01
   7 -7.00140041972583e-01 -2.15587222264743e-01 -7.62215933980912e-02
   8  1.13123011481315e-10  9.97090902852509e-01 -7.62215933980912e-02
   9  7.00140041908461e-01 -2.15587222264744e-01 -7.62215933980898e-02
  10 -3.50070021047688e-01 -1.34742013297925e-02 -6.47883543867444e-01
  11  1.04049220037941e-10  5.92864861134534e-01 -6.47883543867451e-01
  12  3.50070020874682e-01 -1.34742013297918e-02 -6.47883543867451e-01
  13 -5.02112586642827e-11 -8.89297291732666e-01  1.14332390018946e-01
  14 -3.50070020961809e-01 -6.87184270819355e-01 -4.57329560389203e-01
  15  3.50070020788801e-01 -6.87184270808169e-01 -4.57329560438563e-01
