  28
   1   4   9   8   2  26
   2   4   1   3  10  26
   3   3   4  10   2
   4   3   5  11   3
   5   3   6  11   4
   6   3   7  12   5
   7   3   8  12   6
   8   3   1   9   7
   9   4  13   8   1  25
  10   4   2   3  14  27
  11   3  15   4   5
  12   3  16   6   7
  13   4  17  24   9  25
  14   4  10  19  18  27
  15   3  21  20  11
  16   3  23  22  12
  17   4  18  24  13  28
  18   4  14  19  17  28
  19   3  20  18  14
  20   3  21  19  15
  21   3  22  20  15
  22   3  23  21  16
  23   3  24  22  16
  24   3  17  23  13
  25   4  26  28  13   9
  26   4  27  25   1   2
  27   4  28  26  10  14
  28   4  25  27  18  17
  28
   1   4   1   2   3   4
   2   4   2   5   6   3
   3   3   7   5   2
   4   3   8   7   2
   5   3   9   8   2
   6   3  10   9   2
   7   3  11  10   2
   8   3   1  11   2
   9   4  11   1   4  12
  10   4   5   7  13   6
  11   3   7   8   9
  12   3   9  10  11
  13   4  14  11  12  15
  14   4   7  16  17  13
  15   3  18   7   9
  16   3  19   9  11
  17   4  20  14  15  21
  18   4  16  20  21  17
  19   3  20  16   7
  20   3  20   7  18
  21   3  20  18   9
  22   3  20   9  19
  23   3  20  19  11
  24   3  20  11  14
  25   4  22  15  12   4
  26   4  22   4   3   6
  27   4  22   6  13  17
  28   4  22  17  21  15
  22
   1   3   1   9   8
   2   8   1   8   7   6   5   4   3   2
   3   3   1   2  26
   4   4   1  26  25   9
   5   3   2   3  10
   6   4   2  10  27  26
   7   8   3   4  11  15  20  19  14  10
   8   3   4   5  11
   9   8   5   6  12  16  22  21  15  11
  10   3   6   7  12
  11   8   7   8   9  13  24  23  16  12
  12   3   9  25  13
  13   3  10  14  27
  14   3  13  17  24
  15   4  13  25  28  17
  16   3  14  19  18
  17   4  14  18  28  27
  18   3  15  21  20
  19   3  16  23  22
  20   8  17  18  19  20  21  22  23  24
  21   3  17  28  18
  22   4  25  26  27  28
  28
   1 -1.55287069346161e-01 -5.13382060159438e-01  6.11306386874287e-01
   2 -5.13382060086463e-01 -1.55287069370904e-01  6.11306386874287e-01
   3 -5.13382060018253e-01  3.51135723076219e-01  6.11306386874287e-01
   4 -1.55287069291270e-01  7.09230713722820e-01  6.11306386874287e-01
   5  3.51135723155855e-01  7.09230713677344e-01  6.11306386874287e-01
   6  7.09230713818531e-01  3.51135722966437e-01  6.11306386874287e-01
   7  7.09230713795792e-01 -1.55287069480687e-01  6.11306386874287e-01
   8  3.51135723100964e-01 -5.13382060159438e-01  6.11306386874287e-01
   9  9.79243268905286e-02 -7.66593456445551e-01  2.53211396163382e-01
  10 -7.66593456416104e-01  9.79243269775250e-02  2.53211396273164e-01
  11  9.79243269681566e-02  9.62442109876411e-01  2.53211396163381e-01
  12  9.62442109983490e-01  9.79243267183834e-02  2.53211396163381e-01
  13  9.79243267538360e-02 -7.66593456330521e-01 -2.53211396173963e-01
  14 -7.66593456520640e-01  9.79243270603960e-02 -2.53211396064181e-01
  15  9.79243270141661e-02  9.62442109853141e-01 -2.53211396267666e-01
  16  9.62442109960220e-01  9.79243266723698e-02 -2.53211396267666e-01
  17 -1.55287069598538e-01 -5.13382059959360e-01 -6.11306386742930e-01
  18 -5.13382060338840e-01 -1.55287069170827e-01 -6.11306386697458e-01
  19 -5.13382059934621e-01  3.51135722992588e-01 -6.11306386985233e-01
  20 -1.55287069207638e-01  7.09230713639185e-01 -6.11306386962495e-01
  21  3.51135723072224e-01  7.09230713593713e-01 -6.11306386985233e-01
  22  7.09230713734900e-01  3.51135722882806e-01 -6.11306386962495e-01
  23  7.09230713681741e-01 -1.55287069465097e-01 -6.11306387009232e-01
  24  3.51135722978375e-01 -5.13382060089149e-01 -6.11306387004102e-01
  25 -3.34334564884701e-01 -8.40757356970078e-01  2.65219787029617e-11
  26 -5.87545960896831e-01 -5.87545960725823e-01  3.58094990731741e-01
  27 -8.40757357263893e-01 -3.34334564586987e-01  9.08276482636115e-11
  28 -5.87545961104827e-01 -5.87545960795474e-01 -3.58094990484044e-01
