  32
   1   4   9   8   2  26
   2   4   1   3  10  26
   3   3   4  10   2
   4   3   5  11   3
   5   4  11   4   6  30
   6   4   5   7  12  30
   7   3   8  12   6
   8   3   1   9   7
   9   4  13   8   1  25
  10   4   2   3  14  27
  11   4  15   4   5  29
  12   4   6   7  16  31
  13   4  17  24   9  25
  14   4  10  19  18  27
  15   4  21  20  11  29
  16   4  12  23  22  31
  17   4  18  24  13  28
  18   4  14  19  17  28
  19   3  20  18  14
  20   3  21  19  15
  21   4  22  20  15  32
  22   4  16  23  21  32
  23   3  24  22  16
  24   3  17  23  13
  25   4  26  28  13   9
  26   4  27  25   1   2
  27   4  28  26  10  14
  28   4  25  27  18  17
  29   4  30  32  15  11
  30   4  31  29   5   6
  31   4  32  30  12  16
  32   4  29  31  22  21
  32
   1   4   1   2   3   4
   2   4   2   5   6   3
   3   3   7   5   2
   4   3   8   7   2
   5   4   8   2   9  10
   6   4   2  11  12   9
   7   3  13  11   2
   8   3   1  13   2
   9   4  13   1   4  14
  10   4   5   7  15   6
  11   4   7   8  10  16
  12   4  11  13  17  12
  13   4  18  13  14  19
  14   4   7  20  21  15
  15   4  22   7  16  23
  16   4  13  24  25  17
  17   4  26  18  19  27
  18   4  20  26  27  21
  19   3  26  20   7
  20   3  26   7  22
  21   4  26  22  23  28
  22   4  24  26  28  25
  23   3  26  24  13
  24   3  26  13  18
  25   4  29  19  14   4
  26   4  29   4   3   6
  27   4  29   6  15  21
  28   4  29  21  27  19
  29   4  30  23  16  10
  30   4  30  10   9  12
  31   4  30  12  17  25
  32   4  30  25  28  23
  30
   1   3   1   9   8
   2   8   1   8   7   6   5   4   3   2
   3   3   1   2  26
   4   4   1  26  25   9
   5   3   2   3  10
   6   4   2  10  27  26
   7   8   3   4  11  15  20  19  14  10
   8   3   4   5  11
   9   3   5   6  30
  10   4   5  30  29  11
  11   3   6   7  12
  12   4   6  12  31  30
  13   8   7   8   9  13  24  23  16  12
  14   3   9  25  13
  15   3  10  14  27
  16   3  11  29  15
  17   3  12  16  31
  18   3  13  17  24
  19   4  13  25  28  17
  20   3  14  19  18
  21   4  14  18  28  27
  22   3  15  21  20
  23   4  15  29  32  21
  24   3  16  23  22
  25   4  16  22  32  31
  26   8  17  18  19  20  21  22  23  24
  27   3  17  28  18
  28   3  21  32  22
  29   4  25  26  27  28
  30   4  29  30  31  32
  32
   1 -2.45021112372595e-01 -5.91533292562446e-01  5.91533292491828e-01
   2 -5.91533292612077e-01 -2.45021112276293e-01  5.91533292491828e-01
   3 -5.91533292546073e-01  2.45021112472621e-01  5.91533292491828e-01
   4 -2.45021112319480e-01  5.91533292621433e-01  5.91533292491828e-01
   5  2.45021112429436e-01  5.91533292577427e-01  5.91533292491828e-01
   6  5.91533292593802e-01  2.45021112366389e-01  5.91533292491828e-01
   7  5.91533292571800e-01 -2.45021112382525e-01  5.91533292491828e-01
   8  2.45021112376321e-01 -5.91533292562446e-01  5.91533292491828e-01
   9  1.45651179045768e-11 -8.36554404997432e-01  2.45021112280791e-01
  10 -8.36554405089182e-01  2.18992506606429e-10  2.45021112387023e-01
  11  8.96821903689783e-11  8.36554404928182e-01  2.45021112280791e-01
  12  8.36554405012085e-01 -1.06895392825770e-10  2.45021112387022e-01
  13 -1.17706115177638e-10 -8.36554404886123e-01 -2.45021112361895e-01
  14 -8.36554405190337e-01  2.99183011582966e-10 -2.45021112255663e-01
  15  2.13880473309674e-10  8.36554404772868e-01 -2.45021112361895e-01
  16  8.36554405105164e-01 -2.31091662758670e-10 -2.45021112255663e-01
  17 -2.45021112616809e-01 -5.91533292368841e-01 -5.91533292435583e-01
  18 -5.91533292856291e-01 -2.45021112082688e-01 -5.91533292391582e-01
  19 -5.91533292465147e-01  2.45021112391695e-01 -5.91533292670049e-01
  20 -2.45021112238553e-01  5.91533292540502e-01 -5.91533292648046e-01
  21  2.45021112654160e-01  5.91533292277585e-01 -5.91533292435583e-01
  22  5.91533292818526e-01  2.45021112066547e-01 -5.91533292391582e-01
  23  5.91533292461437e-01 -2.45021112367440e-01 -5.91533292693272e-01
  24  2.45021112257697e-01 -5.91533292494431e-01 -5.91533292688308e-01
  25 -4.18277202655279e-01 -9.08319426933902e-01 -9.76787550254997e-12
  26 -6.63298314825143e-01 -6.63298314539421e-01  3.46512180195766e-01
  27 -9.08319427338458e-01 -4.18277202246949e-01  5.24577862280279e-11
  28 -6.63298315026411e-01 -6.63298314606819e-01 -3.46512180026945e-01
  29  4.18277202664819e-01  9.08319426827093e-01 -3.58086884017219e-11
  30  6.63298314787278e-01  6.63298314516845e-01  3.46512180169727e-01
  31  9.08319427241764e-01  4.18277202246369e-01  2.64217610230724e-11
  32  6.63298314977125e-01  6.63298314522010e-01 -3.46512180052981e-01
