  65
   1   4   2  11  10  61
   2   4   3  24   1  61
   3   4   4  24   2  65
   4   4   5  30   3  65
   5   4   6  30   4  64
   6   4   7  36   5  64
   7   4   8  36   6  63
   8   4   9  18   7  63
   9   4  10  18   8  62
  10   4   1  11   9  62
  11   3  12  10   1
  12   3  19  13  11
  13   3  14  12  19
  14   3  15  13  41
  15   3  16  14  41
  16   3  17  15  40
  17   3  18  16  40
  18   3   9  17   8
  19   3  12  20  13
  20   3  19  21  46
  21   3  20  22  46
  22   3  21  23  25
  23   3  24  25  22
  24   3  23   2   3
  25   3  23  26  22
  26   3  25  27  50
  27   3  26  28  50
  28   3  27  29  31
  29   3  28  30  31
  30   3  29   4   5
  31   3  29  32  28
  32   3  31  33  54
  33   3  32  34  54
  34   3  33  35  37
  35   3  34  36  37
  36   3  35   6   7
  37   3  35  38  34
  38   3  37  39  58
  39   3  38  40  58
  40   3  39  17  16
  41   3  14  42  15
  42   3  60  41  43
  43   3  60  42  44
  44   3  47  43  45
  45   3  47  44  46
  46   3  45  20  21
  47   3  45  48  44
  48   3  47  49  51
  49   3  50  51  48
  50   3  26  27  49
  51   3  52  48  49
  52   3  53  55  51
  53   3  54  55  52
  54   3  53  32  33
  55   3  53  56  52
  56   3  59  55  57
  57   3  58  59  56
  58   3  38  39  57
  59   3  57  60  56
  60   3  59  42  43
  61   4  62  65   2   1
  62   4  63  61  10   9
  63   4  64  62   8   7
  64   4  65  63   6   5
  65   4  61  64   4   3
  65
   1   4   1   2   3   4
   2   4   5   1   4   6
   3   4   7   5   6   8
   4   4   9   7   8  10
   5   4  11   9  10  12
   6   4  13  11  12  14
   7   4  15  13  14  16
   8   4  17  15  16  18
   9   4  19  17  18  20
  10   4   2  19  20   3
  11   3  19   2   1
  12   3  21  19   1
  13   3  19  21  22
  14   3  19  22  23
  15   3  19  23  24
  16   3  19  24  25
  17   3  19  25  15
  18   3  19  15  17
  19   3   1  22  21
  20   3   1  26  22
  21   3   1  27  26
  22   3   1  28  27
  23   3   7  28   1
  24   3   1   5   7
  25   3   7  27  28
  26   3   7  29  27
  27   3   7  30  29
  28   3   7  31  30
  29   3   7  11  31
  30   3   7   9  11
  31   3  11  30  31
  32   3  11  32  30
  33   3  11  33  32
  34   3  11  34  33
  35   3  11  15  34
  36   3  11  13  15
  37   3  15  33  34
  38   3  15  35  33
  39   3  15  24  35
  40   3  15  25  24
  41   3  22  24  23
  42   3  24  22  36
  43   3  36  22  37
  44   3  37  22  38
  45   3  38  22  27
  46   3  22  26  27
  47   3  27  37  38
  48   3  27  39  37
  49   3  30  39  27
  50   3  29  30  27
  51   3  37  39  30
  52   3  40  37  30
  53   3  33  40  30
  54   3  30  32  33
  55   3  33  37  40
  56   3  37  33  41
  57   3  24  41  33
  58   3  35  24  33
  59   3  24  37  41
  60   3  24  36  37
  61   4  42   6   4   3
  62   4  42   3  20  18
  63   4  42  18  16  14
  64   4  42  14  12  10
  65   4  42  10   8   6
  42
   1  10   1   2  24  23  22  21  20  19  12  11
   2   3   1  11  10
   3   4   1  10  62  61
   4   3   1  61   2
   5   3   2   3  24
   6   4   2  61  65   3
   7  10   3   4  30  29  28  27  26  25  23  24
   8   3   3  65   4
   9   3   4   5  30
  10   4   4  65  64   5
  11  10   5   6  36  35  34  33  32  31  29  30
  12   3   5  64   6
  13   3   6   7  36
  14   4   6  64  63   7
  15  10   7   8  18  17  40  39  38  37  35  36
  16   3   7  63   8
  17   3   8   9  18
  18   4   8  63  62   9
  19  10   9  10  11  12  13  14  15  16  17  18
  20   3   9  62  10
  21   3  12  19  13
  22  10  13  19  20  46  45  44  43  42  41  14
  23   3  14  41  15
  24  10  15  41  42  60  59  57  58  39  40  16
  25   3  16  40  17
  26   3  20  21  46
  27  10  21  22  25  26  50  49  48  47  45  46
  28   3  22  23  25
  29   3  26  27  50
  30  10  27  28  31  32  54  53  52  51  49  50
  31   3  28  29  31
  32   3  32  33  54
  33  10  33  34  37  38  58  57  56  55  53  54
  34   3  34  35  37
  35   3  38  39  58
  36   3  42  43  60
  37  10  43  44  47  48  51  52  55  56  59  60
  38   3  44  45  47
  39   3  48  49  51
  40   3  52  53  55
  41   3  56  57  59
  42   5  61  62  63  64  65
  65
   1 -1.57903938632523e-01 -4.85978352122361e-01  7.13071067430704e-01
   2 -4.13397878332443e-01 -3.00351139254690e-01  7.13071067430704e-01
   3 -5.10987879313171e-01  3.03430766414075e-10  7.13071067430704e-01
   4 -4.13397878251537e-01  3.00351139835263e-01  7.13071067430704e-01
   5 -1.57903938588891e-01  4.85978352605751e-01  7.13071067430704e-01
   6  1.57903938648646e-01  4.85978352577391e-01  7.13071067430704e-01
   7  4.13397878277961e-01  3.00351139761023e-01  7.13071067430704e-01
   8  5.10987879285656e-01  2.11663312024380e-10  7.13071067430704e-01
   9  4.13397878250994e-01 -3.00351139328933e-01  7.13071067430704e-01
  10  1.57903938605017e-01 -4.85978352122361e-01  7.13071067430704e-01
  11 -5.56664372879074e-12 -7.03314478591894e-01  5.47041040935011e-01
  12 -1.57767105799747e-10 -8.69344505251235e-01  2.78398814920584e-01
  13  1.57903938419619e-01 -9.20650605277108e-01  9.75658882475597e-03
  14  4.13397878089445e-01 -8.37635592295212e-01 -1.56273437737764e-01
  15  6.68891817884414e-01 -6.52008379706848e-01 -1.56273437882151e-01
  16  8.26795756704344e-01 -4.34672253472125e-01  9.75658848704361e-03
  17  8.26795756425375e-01 -2.68642225880394e-01  2.78398814807329e-01
  18  6.68891817864218e-01 -2.17336126078148e-01  5.47041040881290e-01
  19 -1.57903938864445e-01 -9.20650605170096e-01  9.75658894463030e-03
  20 -4.13397878539956e-01 -8.37635591997203e-01 -1.56273437513644e-01
  21 -6.68891818153263e-01 -6.52008379186333e-01 -1.56273437503728e-01
  22 -8.26795756697092e-01 -4.34672252790406e-01  9.75658897059280e-03
  23 -8.26795756608504e-01 -2.68642226104837e-01  2.78398814952673e-01
  24 -6.68891817921340e-01 -2.17336126166955e-01  5.47041040936464e-01
  25 -9.24385757478176e-01 -1.34321112721707e-01  9.75658868990271e-03
  26 -9.24385757401776e-01  1.34321113332766e-01 -1.56273437828732e-01
  27 -8.26795756334112e-01  4.34672252862643e-01 -1.56273437816049e-01
  28 -6.68891817718831e-01  6.52008379133610e-01  9.75658872310364e-03
  29 -5.10987879146156e-01  7.03314478897988e-01  2.78398814807329e-01
  30 -4.13397878197499e-01  5.68993365870718e-01  5.47041040881290e-01
  31 -4.13397878211623e-01  8.37635591819873e-01  9.75658868990271e-03
  32 -1.57903938549854e-01  9.20650605013938e-01 -1.56273437828732e-01
  33  1.57903938687686e-01  9.20650604979240e-01 -1.56273437816049e-01
  34  4.13397878317879e-01  8.37635591729030e-01  9.75658872310364e-03
  35  5.10987879326996e-01  7.03314478746615e-01  2.78398814807329e-01
  36  4.13397878285423e-01  5.68993365786852e-01  5.47041040881290e-01
  37  6.68891817819054e-01  6.52008379034466e-01  9.75658868990271e-03
  38  8.26795756390699e-01  4.34672252716118e-01 -1.56273437828732e-01
  39  9.24385757392363e-01  1.34321113164800e-01 -1.56273437816049e-01
  40  9.24385757405608e-01 -1.34321112876993e-01  9.75658872310364e-03
  41  5.10987879140963e-01 -7.03314479428636e-01 -4.24915663822308e-01
  42  4.13397878155424e-01 -5.68993366340345e-01 -6.93557889968725e-01
  43  1.57903938515142e-01 -4.85978352920773e-01 -8.59587916407673e-01
  44 -1.57903938730253e-01 -4.85978352666936e-01 -8.59587916297976e-01
  45 -4.13397878394642e-01 -5.68993365675793e-01 -6.93557889681536e-01
  46 -5.10987879451239e-01 -7.03314478556227e-01 -4.24915663569276e-01
  47 -4.13397877858054e-01 -3.00351139276839e-01 -8.59587916267441e-01
  48 -5.10987878871539e-01  2.70640416941249e-10 -8.59587916300235e-01
  49 -6.68891817544499e-01  2.17336126563749e-01 -6.93557889844919e-01
  50 -8.26795756258646e-01  2.68642226334133e-01 -4.24915663854795e-01
  51 -4.13397878126005e-01  3.00351139377250e-01 -8.59587916267438e-01
  52 -1.57903938483603e-01  4.85978352175605e-01 -8.59587916300231e-01
  53  1.17315771016745e-10  7.03314478521055e-01 -6.93557889844919e-01
  54  8.22522652024325e-11  8.69344505127962e-01 -4.24915663854795e-01
  55  1.57903938251847e-01  4.85978352316477e-01 -8.59587916267441e-01
  56  4.13397877901407e-01  3.00351139527972e-01 -8.59587916300235e-01
  57  6.68891817597998e-01  2.17336126314441e-01 -6.93557889844919e-01
  58  8.26795756290475e-01  2.68642226151517e-01 -4.24915663854798e-01
  59  5.10987879778942e-01 -8.80321332610415e-10 -8.59587916806083e-01
  60  4.13397878399073e-01 -3.00351140257366e-01 -8.59587916677603e-01
  61 -1.57903938337580e-01 -2.17336125907885e-01  8.79101093708078e-01
  62  1.57903938590835e-01 -2.17336126026225e-01  8.79101093881923e-01
  63  2.55493939603492e-01  8.30150134777769e-02  8.79101093881923e-01
  64  2.17852476550343e-12  2.68642226261911e-01  8.79101093881924e-01
  65 -2.55493939348153e-01  8.30150135295315e-02  8.79101093667482e-01
