  70
   1   4   2  11  10  61
   2   4   3  24   1  61
   3   4   4  24   2  65
   4   4   5  30   3  65
   5   4   6  30   4  64
   6   4   7  36   5  64
   7   4   8  36   6  63
   8   4   9  18   7  63
   9   4  10  18   8  62
  10   4   1  11   9  62
  11   3  12  10   1
  12   3  19  13  11
  13   3  14  12  19
  14   3  15  13  41
  15   3  16  14  41
  16   3  17  15  40
  17   3  18  16  40
  18   3   9  17   8
  19   3  12  20  13
  20   3  19  21  46
  21   3  20  22  46
  22   3  21  23  25
  23   3  24  25  22
  24   3  23   2   3
  25   3  23  26  22
  26   3  25  27  50
  27   3  26  28  50
  28   3  27  29  31
  29   3  28  30  31
  30   3  29   4   5
  31   3  29  32  28
  32   3  31  33  54
  33   3  32  34  54
  34   3  33  35  37
  35   3  34  36  37
  36   3  35   6   7
  37   3  35  38  34
  38   3  37  39  58
  39   3  38  40  58
  40   3  39  17  16
  41   3  14  42  15
  42   3  60  41  43
  43   4  60  42  44  66
  44   4  43  45  47  66
  45   3  47  44  46
  46   3  45  20  21
  47   4  44  45  48  67
  48   4  47  49  51  67
  49   3  50  51  48
  50   3  26  27  49
  51   4  48  49  52  68
  52   4  51  53  55  68
  53   3  54  55  52
  54   3  53  32  33
  55   4  52  53  56  69
  56   4  55  57  59  69
  57   3  58  59  56
  58   3  38  39  57
  59   4  56  57  60  70
  60   4  59  42  43  70
  61   4  62  65   2   1
  62   4  63  61  10   9
  63   4  64  62   8   7
  64   4  65  63   6   5
  65   4  61  64   4   3
  66   4  67  70  43  44
  67   4  68  66  47  48
  68   4  69  67  51  52
  69   4  70  68  55  56
  70   4  66  69  59  60
  70
   1   4   1   2   3   4
   2   4   5   1   4   6
   3   4   7   5   6   8
   4   4   9   7   8  10
   5   4  11   9  10  12
   6   4  13  11  12  14
   7   4  15  13  14  16
   8   4  17  15  16  18
   9   4  19  17  18  20
  10   4   2  19  20   3
  11   3  19   2   1
  12   3  21  19   1
  13   3  19  21  22
  14   3  19  22  23
  15   3  19  23  24
  16   3  19  24  25
  17   3  19  25  15
  18   3  19  15  17
  19   3   1  22  21
  20   3   1  26  22
  21   3   1  27  26
  22   3   1  28  27
  23   3   7  28   1
  24   3   1   5   7
  25   3   7  27  28
  26   3   7  29  27
  27   3   7  30  29
  28   3   7  31  30
  29   3   7  11  31
  30   3   7   9  11
  31   3  11  30  31
  32   3  11  32  30
  33   3  11  33  32
  34   3  11  34  33
  35   3  11  15  34
  36   3  11  13  15
  37   3  15  33  34
  38   3  15  35  33
  39   3  15  24  35
  40   3  15  25  24
  41   3  22  24  23
  42   3  24  22  36
  43   4  36  22  37  38
  44   4  22  39  40  37
  45   3  39  22  27
  46   3  22  26  27
  47   4  39  27  41  40
  48   4  27  42  43  41
  49   3  30  42  27
  50   3  29  30  27
  51   4  42  30  44  43
  52   4  30  45  46  44
  53   3  33  45  30
  54   3  30  32  33
  55   4  45  33  47  46
  56   4  33  48  49  47
  57   3  24  48  33
  58   3  35  24  33
  59   4  48  24  50  49
  60   4  24  36  38  50
  61   4  51   6   4   3
  62   4  51   3  20  18
  63   4  51  18  16  14
  64   4  51  14  12  10
  65   4  51  10   8   6
  66   4  52  38  37  40
  67   4  52  40  41  43
  68   4  52  43  44  46
  69   4  52  46  47  49
  70   4  52  49  50  38
  52
   1  10   1   2  24  23  22  21  20  19  12  11
   2   3   1  11  10
   3   4   1  10  62  61
   4   3   1  61   2
   5   3   2   3  24
   6   4   2  61  65   3
   7  10   3   4  30  29  28  27  26  25  23  24
   8   3   3  65   4
   9   3   4   5  30
  10   4   4  65  64   5
  11  10   5   6  36  35  34  33  32  31  29  30
  12   3   5  64   6
  13   3   6   7  36
  14   4   6  64  63   7
  15  10   7   8  18  17  40  39  38  37  35  36
  16   3   7  63   8
  17   3   8   9  18
  18   4   8  63  62   9
  19  10   9  10  11  12  13  14  15  16  17  18
  20   3   9  62  10
  21   3  12  19  13
  22  10  13  19  20  46  45  44  43  42  41  14
  23   3  14  41  15
  24  10  15  41  42  60  59  57  58  39  40  16
  25   3  16  40  17
  26   3  20  21  46
  27  10  21  22  25  26  50  49  48  47  45  46
  28   3  22  23  25
  29   3  26  27  50
  30  10  27  28  31  32  54  53  52  51  49  50
  31   3  28  29  31
  32   3  32  33  54
  33  10  33  34  37  38  58  57  56  55  53  54
  34   3  34  35  37
  35   3  38  39  58
  36   3  42  43  60
  37   3  43  44  66
  38   4  43  66  70  60
  39   3  44  45  47
  40   4  44  47  67  66
  41   3  47  48  67
  42   3  48  49  51
  43   4  48  51  68  67
  44   3  51  52  68
  45   3  52  53  55
  46   4  52  55  69  68
  47   3  55  56  69
  48   3  56  57  59
  49   4  56  59  70  69
  50   3  59  60  70
  51   5  61  62  63  64  65
  52   5  66  67  68  69  70
  70
   1 -1.59575689818464e-01 -4.91123472745523e-01  7.94654471765395e-01
   2 -4.17774579428524e-01 -3.03530998731715e-01  7.94654471765395e-01
   3 -5.16397779336372e-01  1.56582400507809e-10  7.94654471765395e-01
   4 -4.17774579346762e-01  3.03530999018312e-01  7.94654471765395e-01
   5 -1.59575689774370e-01  4.91123472933910e-01  7.94654471765395e-01
   6  1.59575689427083e-01  4.91123472905250e-01  7.94654471765395e-01
   7  4.17774578965790e-01  3.03530998943286e-01  7.94654471765395e-01
   8  5.16397778900891e-01  6.38433913023845e-11  7.94654471765395e-01
   9  4.17774578938538e-01 -3.03530998806744e-01  7.94654471765395e-01
  10  1.59575689382992e-01 -4.91123472745523e-01  7.94654471765395e-01
  11 -2.09463164963614e-10 -7.10760567044096e-01  6.26866662264056e-01
  12 -3.63274994516264e-10 -8.78548376710816e-01  3.55380283601738e-01
  13  1.59575689195630e-01 -9.30397661560633e-01  8.38939048571575e-02
  14  4.17774578775279e-01 -8.46503757078729e-01 -8.38939047117158e-02
  15  6.75973468481394e-01 -6.58911283347184e-01 -8.38939048576319e-02
  16  8.35549158285412e-01 -4.39274189285908e-01  8.38939045158697e-02
  17  8.35549158003490e-01 -2.71486378676927e-01  3.55380283487284e-01
  18  6.75973468460984e-01 -2.19637094053104e-01  6.26866662209767e-01
  19 -1.59575690052842e-01 -9.30397661452488e-01  8.38939049783009e-02
  20 -4.17774579638234e-01 -8.46503756777565e-01 -8.38939044852236e-02
  21 -6.75973469160765e-01 -6.58911282821158e-01 -8.38939044752024e-02
  22 -8.35549158685758e-01 -4.39274188596972e-01  8.38939050045383e-02
  23 -8.35549158596233e-01 -2.71486378903746e-01  3.55380283634167e-01
  24 -6.75973468926386e-01 -2.19637094142852e-01  6.26866662265525e-01
  25 -9.34172358391848e-01 -1.35743189192691e-01  8.38939047208765e-02
  26 -9.34172358314639e-01  1.35743189510097e-01 -8.38939048036474e-02
  27 -8.35549158318935e-01  4.39274188369852e-01 -8.38939047908303e-02
  28 -6.75973468721733e-01  6.58911282467756e-01  8.38939047544289e-02
  29 -5.16397779167589e-01  7.10760567053309e-01  3.55380283487284e-01
  30 -4.17774579292151e-01  5.75017377701881e-01  6.26866662209767e-01
  31 -4.17774579306426e-01  8.46503756298235e-01  8.38939047208765e-02
  32 -1.59575689734920e-01  9.30397660994554e-01 -8.38939048036474e-02
  33  1.59575689466536e-01  9.30397660959489e-01 -8.38939047908303e-02
  34  4.17774579006131e-01  8.46503756206432e-01  8.38939047544289e-02
  35  5.16397778942668e-01  7.10760566900333e-01  3.55380283487284e-01
  36  4.17774578973332e-01  5.75017377617127e-01  6.26866662209767e-01
  37  6.75973468415342e-01  6.58911282367562e-01  8.38939047208765e-02
  38  8.35549157968447e-01  4.39274188221775e-01 -8.38939048036474e-02
  39  9.34172357897451e-01  1.35743189340353e-01 -8.38939047908303e-02
  40  9.34172357910837e-01 -1.35743189349621e-01  8.38939047544289e-02
  41  5.16397778754665e-01 -7.10760567889696e-01 -3.55380283444893e-01
  42  4.17774578841956e-01 -5.75017378476602e-01 -6.26866662240599e-01
  43  1.59575689292165e-01 -4.91123473552388e-01 -7.94654471684592e-01
  44 -1.59575689917229e-01 -4.91123473295864e-01 -7.94654471573734e-01
  45 -4.17774579491382e-01 -5.75017377805014e-01 -6.26866661950369e-01
  46 -5.16397779475902e-01 -7.10760567008051e-01 -3.55380283189183e-01
  47 -4.17774578949113e-01 -3.03530998754098e-01 -7.94654471542876e-01
  48 -5.16397778144418e-01  8.06955507112621e-10 -7.94654471603802e-01
  49 -6.75973468545556e-01  2.19637094243725e-01 -6.26866662115482e-01
  50 -8.35549158242670e-01  2.71486378835348e-01 -3.55380283477725e-01
  51 -4.17774577491876e-01  3.03531000200612e-01 -7.94654471733243e-01
  52 -1.59575687559370e-01  4.91123474304129e-01 -7.94654471881757e-01
  53 -8.52797769851552e-11  7.10760566672386e-01 -6.26866662115482e-01
  54 -1.20714505017157e-10  8.78548376286115e-01 -3.55380283477725e-01
  55  1.59575691561823e-01  4.91123474047604e-01 -7.94654471992614e-01
  56  4.17774580610553e-01  3.03530999529025e-01 -7.94654472023473e-01
  57  6.75973468191946e-01  2.19637093991777e-01 -6.26866662115482e-01
  58  8.35549157867161e-01  2.71486378650799e-01 -3.55380283477728e-01
  59  5.16397779833113e-01 -2.31763901320113e-11 -7.94654471962544e-01
  60  4.17774579207825e-01 -3.03530999425688e-01 -7.94654471833106e-01
  61 -1.59575689520399e-01 -2.19637093881039e-01  9.62442281046104e-01
  62  1.59575689368659e-01 -2.19637094000632e-01  9.62442281221790e-01
  63  2.58198889308773e-01  8.38939048329735e-02  9.62442281221790e-01
  64 -2.01635997292168e-10  2.71486378762361e-01  9.62442281221790e-01
  65 -2.58198889458407e-01  8.38939048852761e-02  9.62442281005078e-01
  66 -2.88005159432024e-11 -2.71486378634465e-01 -9.62442281269518e-01
  67 -2.58198888878245e-01 -8.38939043730725e-02 -9.62442281414346e-01
  68 -1.59575688229445e-01  2.19637094977594e-01 -9.62442281543784e-01
  69  1.59575690849707e-01  2.19637094711346e-01 -9.62442281654645e-01
  70  2.58198889839560e-01 -8.38939046241776e-02 -9.62442281377005e-01
