  70
   1   4   2  11  10  61
   2   4   3  24   1  61
   3   4   4  24   2  65
   4   4   5  30   3  65
   5   4   6  30   4  64
   6   4   7  36   5  64
   7   4   8  36   6  63
   8   4   9  18   7  63
   9   4  10  18   8  62
  10   4   1  11   9  62
  11   3  12  10   1
  12   3  19  13  11
  13   3  14  12  19
  14   3  15  13  41
  15   4  16  14  41  66
  16   4  40  17  15  66
  17   3  18  16  40
  18   3   9  17   8
  19   3  12  20  13
  20   3  19  21  46
  21   3  20  22  46
  22   3  21  23  25
  23   3  24  25  22
  24   3  23   2   3
  25   3  23  26  22
  26   3  25  27  50
  27   3  26  28  50
  28   3  27  29  31
  29   3  28  30  31
  30   3  29   4   5
  31   3  29  32  28
  32   3  31  33  54
  33   3  32  34  54
  34   3  33  35  37
  35   3  34  36  37
  36   3  35   6   7
  37   3  35  38  34
  38   3  37  39  58
  39   4  58  38  40  70
  40   4  39  17  16  70
  41   4  15  14  42  67
  42   4  41  43  60  67
  43   3  60  42  44
  44   3  47  43  45
  45   3  47  44  46
  46   3  45  20  21
  47   3  45  48  44
  48   3  47  49  51
  49   3  50  51  48
  50   3  26  27  49
  51   3  52  48  49
  52   3  53  55  51
  53   3  54  55  52
  54   3  53  32  33
  55   3  53  56  52
  56   3  59  55  57
  57   4  59  56  58  69
  58   4  57  38  39  69
  59   4  60  56  57  68
  60   4  42  43  59  68
  61   4  62  65   2   1
  62   4  63  61  10   9
  63   4  64  62   8   7
  64   4  65  63   6   5
  65   4  61  64   4   3
  66   4  67  70  16  15
  67   4  68  66  41  42
  68   4  69  67  60  59
  69   4  70  68  57  58
  70   4  66  69  39  40
  70
   1   4   1   2   3   4
   2   4   5   1   4   6
   3   4   7   5   6   8
   4   4   9   7   8  10
   5   4  11   9  10  12
   6   4  13  11  12  14
   7   4  15  13  14  16
   8   4  17  15  16  18
   9   4  19  17  18  20
  10   4   2  19  20   3
  11   3  19   2   1
  12   3  21  19   1
  13   3  19  21  22
  14   3  19  22  23
  15   4  19  23  24  25
  16   4  26  19  25  27
  17   3  19  26  15
  18   3  19  15  17
  19   3   1  22  21
  20   3   1  28  22
  21   3   1  29  28
  22   3   1  30  29
  23   3   7  30   1
  24   3   1   5   7
  25   3   7  29  30
  26   3   7  31  29
  27   3   7  32  31
  28   3   7  33  32
  29   3   7  11  33
  30   3   7   9  11
  31   3  11  32  33
  32   3  11  34  32
  33   3  11  35  34
  34   3  11  36  35
  35   3  11  15  36
  36   3  11  13  15
  37   3  15  35  36
  38   3  15  37  35
  39   4  37  15  38  39
  40   4  15  26  27  38
  41   4  23  22  40  24
  42   4  22  41  42  40
  43   3  41  22  43
  44   3  43  22  44
  45   3  44  22  29
  46   3  22  28  29
  47   3  29  43  44
  48   3  29  45  43
  49   3  32  45  29
  50   3  31  32  29
  51   3  43  45  32
  52   3  46  43  32
  53   3  35  46  32
  54   3  32  34  35
  55   3  35  43  46
  56   3  43  35  47
  57   4  47  35  48  49
  58   4  35  37  39  48
  59   4  43  47  49  50
  60   4  41  43  50  42
  61   4  51   6   4   3
  62   4  51   3  20  18
  63   4  51  18  16  14
  64   4  51  14  12  10
  65   4  51  10   8   6
  66   4  52  27  25  24
  67   4  52  24  40  42
  68   4  52  42  50  49
  69   4  52  49  48  39
  70   4  52  39  38  27
  52
   1  10   1   2  24  23  22  21  20  19  12  11
   2   3   1  11  10
   3   4   1  10  62  61
   4   3   1  61   2
   5   3   2   3  24
   6   4   2  61  65   3
   7  10   3   4  30  29  28  27  26  25  23  24
   8   3   3  65   4
   9   3   4   5  30
  10   4   4  65  64   5
  11  10   5   6  36  35  34  33  32  31  29  30
  12   3   5  64   6
  13   3   6   7  36
  14   4   6  64  63   7
  15  10   7   8  18  17  40  39  38  37  35  36
  16   3   7  63   8
  17   3   8   9  18
  18   4   8  63  62   9
  19  10   9  10  11  12  13  14  15  16  17  18
  20   3   9  62  10
  21   3  12  19  13
  22  10  13  19  20  46  45  44  43  42  41  14
  23   3  14  41  15
  24   4  15  41  67  66
  25   3  15  66  16
  26   3  16  40  17
  27   4  16  66  70  40
  28   3  20  21  46
  29  10  21  22  25  26  50  49  48  47  45  46
  30   3  22  23  25
  31   3  26  27  50
  32  10  27  28  31  32  54  53  52  51  49  50
  33   3  28  29  31
  34   3  32  33  54
  35  10  33  34  37  38  58  57  56  55  53  54
  36   3  34  35  37
  37   3  38  39  58
  38   3  39  40  70
  39   4  39  70  69  58
  40   3  41  42  67
  41   3  42  43  60
  42   4  42  60  68  67
  43  10  43  44  47  48  51  52  55  56  59  60
  44   3  44  45  47
  45   3  48  49  51
  46   3  52  53  55
  47   3  56  57  59
  48   3  57  58  69
  49   4  57  69  68  59
  50   3  59  68  60
  51   5  61  62  63  64  65
  52   5  66  67  68  69  70
  70
   1 -2.13982749423672e-01 -4.63306751417275e-01  7.42523897485538e-01
   2 -4.67360355184649e-01 -2.79217145159940e-01  7.42523897485538e-01
   3 -5.64141988532786e-01  1.86460946421498e-02  7.42523897485538e-01
   4 -4.67360355104414e-01  3.16509334418168e-01  7.42523897485538e-01
   5 -2.13982749380402e-01  5.00598940579126e-01  7.42523897485538e-01
   6  9.92091952460986e-02  5.00598940551001e-01  7.42523897485538e-01
   7  3.52586800937055e-01  3.16509334344543e-01  7.42523897485538e-01
   8  4.49368434311935e-01  1.86460945511425e-02  7.42523897485538e-01
   9  3.52586800910312e-01 -2.79217145233567e-01  7.42523897485538e-01
  10  9.92091952028311e-02 -4.63306751417275e-01  7.42523897485538e-01
  11 -5.73867771023023e-02 -6.78842616709787e-01  5.77869148150505e-01
  12 -5.73867772532420e-02 -8.43497366207113e-01  3.11452167325906e-01
  13  9.92091950189681e-02 -8.94378482216194e-01  4.50351864205805e-02
  14  3.52586800750101e-01 -8.12051107812425e-01 -1.19619562980725e-01
  15  6.05964406605340e-01 -6.27961501832083e-01 -1.19619563123917e-01
  16  7.62560379118085e-01 -4.12425636772436e-01  4.50351860856655e-02
  17  7.62560378841427e-01 -2.47770886350444e-01  3.11452167213589e-01
  18  6.05964406585311e-01 -1.96889770563137e-01  5.77869148097229e-01
  19 -2.13982749653674e-01 -8.94378482110069e-01  4.50351865394618e-02
  20 -4.67360355390444e-01 -8.12051107516885e-01 -1.19619562758462e-01
  21 -7.20737961065525e-01 -6.27961501315879e-01 -1.19619562748628e-01
  22 -8.77333933304457e-01 -4.12425636096364e-01  4.50351865652093e-02
  23 -8.77333933216603e-01 -2.47770886573028e-01  3.11452167357730e-01
  24 -7.20737960835523e-01 -1.96889770651208e-01  5.77869148151946e-01
  25 -9.74115566454602e-01 -1.14562395787926e-01  4.50351862868442e-02
  26 -9.74115566378835e-01  1.51854585076388e-01 -1.19619563070940e-01
  27 -8.77333932944483e-01  4.49717824850467e-01 -1.19619563058363e-01
  28 -7.20737960634692e-01  6.65253689946058e-01  4.50351863197702e-02
  29 -5.64141988367154e-01  7.16134805695811e-01  3.11452167213589e-01
  30 -4.67360355050823e-01  5.82926315263621e-01  5.77869148097229e-01
  31 -4.67360355064831e-01  8.49343296023488e-01  4.50351862868442e-02
  32 -2.13982749341689e-01  9.31670670637669e-01 -1.19619563070940e-01
  33  9.92091952848154e-02  9.31670670603258e-01 -1.19619563058363e-01
  34  3.52586800976643e-01  8.49343295933399e-01  4.50351863197702e-02
  35  4.49368434352932e-01  7.16134805545691e-01  3.11452167213589e-01
  36  3.52586800944456e-01  5.82926315180450e-01  5.77869148097229e-01
  37  6.05964406540521e-01  6.65253689847735e-01  4.50351862868442e-02
  38  7.62560378807039e-01  4.49717824705156e-01 -1.19619563070940e-01
  39  8.59342012662819e-01  1.51854583589027e-01 -1.19619563603345e-01
  40  8.59342012624907e-01 -1.14562397133411e-01  4.50351858773866e-02
  41  4.49368434168440e-01 -6.78842617539598e-01 -3.86036543874861e-01
  42  3.52586800734927e-01 -5.45634127159732e-01 -6.52453524731207e-01
  43  9.92091951137002e-02 -4.63306752209073e-01 -8.17108274109114e-01
  44 -2.13982749520593e-01 -4.63306751957339e-01 -8.17108274000326e-01
  45 -4.67360355246334e-01 -5.45634126387845e-01 -6.52453524545547e-01
  46 -5.64141988669710e-01 -6.78842616674416e-01 -3.86036543623925e-01
  47 -4.67360354714191e-01 -2.79217145181905e-01 -8.17108273970044e-01
  48 -5.64141988094812e-01  1.86460946096311e-02 -8.17108274002566e-01
  49 -7.20737960461804e-01  2.34181959727180e-01 -6.52453524707576e-01
  50 -8.77333932869643e-01  2.85063075482889e-01 -3.86036543907079e-01
  51 -4.67360354979921e-01  3.16509333963949e-01 -8.17108273970041e-01
  52 -2.13982749275986e-01  5.00598940152543e-01 -8.17108274002563e-01
  53 -5.73867769804377e-02  7.16134805322000e-01 -6.52453524707576e-01
  54 -5.73867770152108e-02  8.80789554767325e-01 -3.86036543907079e-01
  55  9.92091948525858e-02  5.00598940292248e-01 -8.17108273970044e-01
  56  3.52586800563621e-01  3.16509334113423e-01 -8.17108274002566e-01
  57  6.05964406775879e-01  2.34181958210504e-01 -6.52453525210637e-01
  58  7.62560379217345e-01  2.85063073944660e-01 -3.86036544467467e-01
  59  4.49368434306410e-01  1.86460932104242e-02 -8.17108274374716e-01
  60  3.52586800787628e-01 -2.79217146424717e-01 -8.17108274191590e-01
  61 -2.13982749131173e-01 -1.96889770394284e-01  9.07178646604060e-01
  62  9.92091951887660e-02 -1.96889770511644e-01  9.07178646776465e-01
  63  1.95990828568566e-01  1.00973469236775e-01  9.07178646776465e-01
  64 -5.73867770946213e-02  2.85063075411265e-01  9.07178646776466e-01
  65 -3.10764382508906e-01  1.00973469288101e-01  9.07178646563800e-01
  66  7.89310164136600e-01 -4.21117168973182e-01 -2.66891248397523e-01
  67  6.32714191980574e-01 -4.71998284789709e-01 -5.33308228932352e-01
  68  6.32714192038292e-01 -2.05581304085521e-01 -6.97962978364141e-01
  69  7.89310164488681e-01  9.95456087976451e-03 -5.33308229214845e-01
  70  8.86091797604529e-01 -1.23253929431608e-01 -2.66891248529533e-01
