  75
   1   4   2  11  10  61
   2   4   3  24   1  61
   3   4   4  24   2  65
   4   4   5  30   3  65
   5   4   6  30   4  64
   6   4   7  36   5  64
   7   4   8  36   6  63
   8   4   9  18   7  63
   9   4  10  18   8  62
  10   4   1  11   9  62
  11   3  12  10   1
  12   3  19  13  11
  13   3  14  12  19
  14   3  15  13  41
  15   4  16  14  41  66
  16   4  40  17  15  66
  17   3  18  16  40
  18   3   9  17   8
  19   3  12  20  13
  20   3  19  21  46
  21   3  20  22  46
  22   3  21  23  25
  23   3  24  25  22
  24   3  23   2   3
  25   3  23  26  22
  26   3  25  27  50
  27   4  50  26  28  71
  28   4  27  29  31  71
  29   3  28  30  31
  30   3  29   4   5
  31   4  28  29  32  72
  32   4  31  33  54  72
  33   3  32  34  54
  34   3  33  35  37
  35   3  34  36  37
  36   3  35   6   7
  37   3  35  38  34
  38   3  37  39  58
  39   4  58  38  40  70
  40   4  39  17  16  70
  41   4  15  14  42  67
  42   4  41  43  60  67
  43   3  60  42  44
  44   3  47  43  45
  45   3  47  44  46
  46   3  45  20  21
  47   3  45  48  44
  48   3  47  49  51
  49   4  51  48  50  75
  50   4  49  26  27  75
  51   4  52  48  49  74
  52   4  53  55  51  74
  53   4  54  55  52  73
  54   4  32  33  53  73
  55   3  53  56  52
  56   3  59  55  57
  57   4  59  56  58  69
  58   4  57  38  39  69
  59   4  60  56  57  68
  60   4  42  43  59  68
  61   4  62  65   2   1
  62   4  63  61  10   9
  63   4  64  62   8   7
  64   4  65  63   6   5
  65   4  61  64   4   3
  66   4  67  70  16  15
  67   4  68  66  41  42
  68   4  69  67  60  59
  69   4  70  68  57  58
  70   4  66  69  39  40
  71   4  72  75  27  28
  72   4  73  71  31  32
  73   4  74  72  54  53
  74   4  75  73  52  51
  75   4  71  74  49  50
  75
   1   4   1   2   3   4
   2   4   5   1   4   6
   3   4   7   5   6   8
   4   4   9   7   8  10
   5   4  11   9  10  12
   6   4  13  11  12  14
   7   4  15  13  14  16
   8   4  17  15  16  18
   9   4  19  17  18  20
  10   4   2  19  20   3
  11   3  19   2   1
  12   3  21  19   1
  13   3  19  21  22
  14   3  19  22  23
  15   4  19  23  24  25
  16   4  26  19  25  27
  17   3  19  26  15
  18   3  19  15  17
  19   3   1  22  21
  20   3   1  28  22
  21   3   1  29  28
  22   3   1  30  29
  23   3   7  30   1
  24   3   1   5   7
  25   3   7  29  30
  26   3   7  31  29
  27   4  31   7  32  33
  28   4   7  34  35  32
  29   3   7  11  34
  30   3   7   9  11
  31   4  34  11  36  35
  32   4  11  37  38  36
  33   3  11  39  37
  34   3  11  40  39
  35   3  11  15  40
  36   3  11  13  15
  37   3  15  39  40
  38   3  15  41  39
  39   4  41  15  42  43
  40   4  15  26  27  42
  41   4  23  22  44  24
  42   4  22  45  46  44
  43   3  45  22  47
  44   3  47  22  48
  45   3  48  22  29
  46   3  22  28  29
  47   3  29  47  48
  48   3  29  49  47
  49   4  49  29  50  51
  50   4  29  31  33  50
  51   4  47  49  51  52
  52   4  53  47  52  54
  53   4  39  53  54  55
  54   4  37  39  55  38
  55   3  39  47  53
  56   3  47  39  56
  57   4  56  39  57  58
  58   4  39  41  43  57
  59   4  47  56  58  59
  60   4  45  47  59  46
  61   4  60   6   4   3
  62   4  60   3  20  18
  63   4  60  18  16  14
  64   4  60  14  12  10
  65   4  60  10   8   6
  66   4  61  27  25  24
  67   4  61  24  44  46
  68   4  61  46  59  58
  69   4  61  58  57  43
  70   4  61  43  42  27
  71   4  62  33  32  35
  72   4  62  35  36  38
  73   4  62  38  55  54
  74   4  62  54  52  51
  75   4  62  51  50  33
  62
   1  10   1   2  24  23  22  21  20  19  12  11
   2   3   1  11  10
   3   4   1  10  62  61
   4   3   1  61   2
   5   3   2   3  24
   6   4   2  61  65   3
   7  10   3   4  30  29  28  27  26  25  23  24
   8   3   3  65   4
   9   3   4   5  30
  10   4   4  65  64   5
  11  10   5   6  36  35  34  33  32  31  29  30
  12   3   5  64   6
  13   3   6   7  36
  14   4   6  64  63   7
  15  10   7   8  18  17  40  39  38  37  35  36
  16   3   7  63   8
  17   3   8   9  18
  18   4   8  63  62   9
  19  10   9  10  11  12  13  14  15  16  17  18
  20   3   9  62  10
  21   3  12  19  13
  22  10  13  19  20  46  45  44  43  42  41  14
  23   3  14  41  15
  24   4  15  41  67  66
  25   3  15  66  16
  26   3  16  40  17
  27   4  16  66  70  40
  28   3  20  21  46
  29  10  21  22  25  26  50  49  48  47  45  46
  30   3  22  23  25
  31   3  26  27  50
  32   3  27  28  71
  33   4  27  71  75  50
  34   3  28  29  31
  35   4  28  31  72  71
  36   3  31  32  72
  37   3  32  33  54
  38   4  32  54  73  72
  39  10  33  34  37  38  58  57  56  55  53  54
  40   3  34  35  37
  41   3  38  39  58
  42   3  39  40  70
  43   4  39  70  69  58
  44   3  41  42  67
  45   3  42  43  60
  46   4  42  60  68  67
  47  10  43  44  47  48  51  52  55  56  59  60
  48   3  44  45  47
  49   3  48  49  51
  50   3  49  50  75
  51   4  49  75  74  51
  52   3  51  74  52
  53   3  52  53  55
  54   4  52  74  73  53
  55   3  53  73  54
  56   3  56  57  59
  57   3  57  58  69
  58   4  57  69  68  59
  59   3  59  68  60
  60   5  61  62  63  64  65
  61   5  66  67  68  69  70
  62   5  71  72  73  74  75
  75
   1 -1.79748564592915e-01 -5.17873536048758e-01  7.84933491321742e-01
   2 -4.36981640290552e-01 -3.30982766916571e-01  7.84933491321742e-01
   3 -5.35235932110908e-01 -2.85871503764338e-02  7.84933491321742e-01
   4 -4.36981640209096e-01  2.73808466137235e-01  7.84933491321742e-01
   5 -1.79748564548986e-01  4.60699235171579e-01  7.84933491321742e-01
   6  1.38209003003365e-01  4.60699235143026e-01  7.84933491321742e-01
   7  3.95442078629916e-01  2.73808466062490e-01  7.84933491321742e-01
   8  4.93696370477422e-01 -2.85871504688259e-02  7.84933491321742e-01
   9  3.95442078602765e-01 -3.30982766991319e-01  7.84933491321742e-01
  10  1.38209002959439e-01 -5.17873536048758e-01  7.84933491321742e-01
  11 -2.07697808084963e-02 -7.36689059961501e-01  6.17773305746269e-01
  12 -2.07697809617327e-02 -9.03849245701737e-01  3.47302443928122e-01
  13  1.38209002772778e-01 -9.55504584091393e-01  7.68315820280207e-02
  14  3.95442078440118e-01 -8.71924491571417e-01 -9.03286036147338e-02
  15  6.52675154233450e-01 -6.85033722720437e-01 -9.03286037601040e-02
  16  8.11653938212157e-01 -4.66218199044103e-01  7.68315816880096e-02
  17  8.11653937931289e-01 -2.99058012365131e-01  3.47302443814096e-01
  18  6.52675154213117e-01 -2.47402674200623e-01  6.17773305692182e-01
  19 -1.79748564826416e-01 -9.55504583983653e-01  7.68315821487111e-02
  20 -4.36981640499478e-01 -8.71924491271380e-01 -9.03286033890888e-02
  21 -6.94214716109913e-01 -6.85033722196379e-01 -9.03286033791050e-02
  22 -8.53193499810638e-01 -4.66218198357744e-01  7.68315821748503e-02
  23 -8.53193499721448e-01 -2.99058012591102e-01  3.47302443960430e-01
  24 -6.94214715876411e-01 -2.47402674290035e-01  6.17773305747732e-01
  25 -9.51447791429991e-01 -1.63822581303554e-01  7.68315818922495e-02
  26 -9.51447791353071e-01  1.06648280554912e-01 -9.03286037063214e-02
  27 -8.53193499445187e-01  4.09043897066612e-01 -9.03286036935523e-02
  28 -6.94214715672524e-01  6.27859420779438e-01  7.68315819256765e-02
  29 -5.35235931942756e-01  6.79514758905819e-01  3.47302443814096e-01
  30 -4.36981640154690e-01  5.44279327976553e-01  6.17773305692182e-01
  31 -4.36981640168911e-01  8.14750189728982e-01  7.68315818922495e-02
  32 -1.79748564716347e-01  8.98330282423033e-01 -9.03286037142067e-02
  33  1.38209003042671e-01  8.98330282427637e-01 -9.03286036935523e-02
  34  3.95442078670106e-01  8.14750189637522e-01  7.68315819256765e-02
  35  4.93696370519043e-01  6.79514758753415e-01  3.47302443814096e-01
  36  3.95442078637429e-01  5.44279327892116e-01  6.17773305692182e-01
  37  6.52675154167646e-01  6.27859420679618e-01  7.68315818922495e-02
  38  8.11653937896377e-01  4.09043896919090e-01 -9.03286037063214e-02
  39  9.09908230232101e-01  1.06648279044918e-01 -9.03286042468270e-02
  40  9.09908230193612e-01 -1.63822582669512e-01  7.68315814765614e-02
  41  4.93696370331744e-01 -7.36689060803939e-01 -3.60799465503475e-01
  42  3.95442078424713e-01 -6.01453629927792e-01 -6.31270327353851e-01
  43  1.38209002868952e-01 -5.17873536852605e-01 -7.98430512972851e-01
  44 -1.79748564691310e-01 -5.17873536597041e-01 -7.98430512862408e-01
  45 -4.36981640353175e-01 -6.01453629144161e-01 -6.31270327165366e-01
  46 -5.35235932249916e-01 -7.36689059925591e-01 -3.60799465248721e-01
  47 -4.36981639812935e-01 -3.30982766938870e-01 -7.98430512831665e-01
  48 -5.35235931666270e-01 -2.85871504094473e-02 -7.98430512864682e-01
  49 -6.94214715856968e-01  1.90228373332233e-01 -6.31270327374970e-01
  50 -8.53193499491352e-01  2.41883711499020e-01 -3.60799465535770e-01
  51 -4.36981640396896e-01  2.73808466044503e-01 -7.98430512960772e-01
  52 -1.79748564900790e-01  4.60699235004378e-01 -7.98430512968660e-01
  53 -2.07697811720604e-02  6.79514758656731e-01 -6.31270327395628e-01
  54 -2.07697811016099e-02  8.46674944237093e-01 -3.60799465561302e-01
  55  1.38209002603864e-01  4.60699234880336e-01 -7.98430512831665e-01
  56  3.95442078250799e-01  2.73808465827853e-01 -7.98430512864682e-01
  57  6.52675154406585e-01  1.90228371785916e-01 -6.31270327840577e-01
  58  8.11653938312927e-01  2.41883709896463e-01 -3.60799466105098e-01
  59  4.93696370471814e-01 -2.85871518299450e-02 -7.98430513242495e-01
  60  3.95442078478215e-01 -3.30982768200593e-01 -7.98430513056582e-01
  61 -1.79748564295965e-01 -2.47402674029202e-01  9.52093676677409e-01
  62  1.38209002945160e-01 -2.47402674148347e-01  9.52093676852438e-01
  63  2.36463294797661e-01  5.49929423373021e-02  9.52093676852438e-01
  64 -2.07697808006984e-02  2.41883711385385e-01  9.52093676852439e-01
  65 -2.78002856146367e-01  5.49929423894090e-02  9.52093676636537e-01
  66  8.38810756013388e-01 -4.75041984215678e-01 -2.39841219337666e-01
  67  6.79831972396829e-01 -5.26697322409850e-01 -5.10312080861634e-01
  68  6.79831972455426e-01 -2.56226460713948e-01 -6.77472266535335e-01
  69  8.38810756370827e-01 -3.74109371334107e-02 -5.10312081148425e-01
  70  9.37065047955360e-01 -1.72646367940021e-01 -2.39841219471685e-01
  71 -7.10998552099323e-01  6.50960390113449e-01 -2.39841218866320e-01
  72 -4.53765476970836e-01  8.37851159049818e-01 -2.39841218871455e-01
  73 -2.94786693383709e-01  7.86195820864185e-01 -5.10312080685597e-01
  74 -4.53765477098164e-01  5.67380297240143e-01 -6.77472266229596e-01
  75 -7.10998552180256e-01  4.83800204542588e-01 -5.10312080581561e-01
