  60
   1   4   2  11  10  46
   2   4   3  12   1  50
   3   4   4  13   2  50
   4   4   5  14   3  49
   5   4   6  15   4  49
   6   4   7  16   5  48
   7   4   8  17   6  48
   8   4   9  18   7  47
   9   4  10  19   8  47
  10   4   1  20   9  46
  11   4  22  21  20   1
  12   4  22   2  13  51
  13   4  12   3  23  51
  14   4  15  45  23   4
  15   4   5  24  45  14
  16   4  17  44  24   6
  17   4  25  44  16   7
  18   4  25   8  19  56
  19   4  18   9  26  57
  20   4  11  21  26  10
  21   4  27  33  20  11
  22   4  27  11  12  55
  23   4  13  14  32  52
  24   4  15  16  43  42
  25   4  38  17  18  56
  26   4  19  20  33  57
  27   4  28  21  22  55
  28   4  29  34  27  54
  29   4  30  35  28  54
  30   4  31  39  29  53
  31   4  32  40  30  53
  32   4  23  45  31  52
  33   4  26  21  34  58
  34   4  33  28  35  58
  35   4  34  29  36  59
  36   4  35  39  37  59
  37   4  36  41  38  60
  38   4  37  44  25  60
  39   4  40  41  36  30
  40   4  31  42  41  39
  41   4  39  40  43  37
  42   4  45  24  43  40
  43   4  42  24  44  41
  44   4  43  16  17  38
  45   4  14  15  42  32
  46   4  47  50   1  10
  47   4  48  46   9   8
  48   4  49  47   7   6
  49   4  50  48   5   4
  50   4  46  49   3   2
  51   4  52  55  12  13
  52   4  53  51  23  32
  53   4  54  52  31  30
  54   4  55  53  29  28
  55   4  51  54  27  22
  56   4  57  60  25  18
  57   4  58  56  19  26
  58   4  59  57  33  34
  59   4  60  58  35  36
  60   4  56  59  37  38
  60
   1   4   1   2   3   4
   2   4   5   1   4   6
   3   4   7   5   6   8
   4   4   9   7   8  10
   5   4  11   9  10  12
   6   4  13  11  12  14
   7   4  15  13  14  16
   8   4  17  15  16  18
   9   4  19  17  18  20
  10   4   2  19  20   3
  11   4  21  22   2   1
  12   4   1   5  23  24
  13   4   5   7  25  23
  14   4  26  27   7   9
  15   4  11  28  26   9
  16   4  29  30  11  13
  17   4  31  29  13  15
  18   4  15  17  32  33
  19   4  17  19  34  32
  20   4  22  35  19   2
  21   4  36  35  22  21
  22   4  21   1  24  37
  23   4   7  27  38  25
  24   4  11  30  39  28
  25   4  31  15  33  40
  26   4  19  35  41  34
  27   4  36  21  37  42
  28   4  43  36  42  44
  29   4  45  43  44  46
  30   4  47  45  46  48
  31   4  49  47  48  50
  32   4  27  49  50  38
  33   4  35  36  51  41
  34   4  36  43  52  51
  35   4  43  45  53  52
  36   4  45  54  55  53
  37   4  54  56  57  55
  38   4  56  31  40  57
  39   4  58  54  45  47
  40   4  49  59  58  47
  41   4  58  59  56  54
  42   4  28  39  59  49
  43   4  39  30  56  59
  44   4  30  29  31  56
  45   4  26  28  49  27
  46   4  60   4   3  20
  47   4  60  20  18  16
  48   4  60  16  14  12
  49   4  60  12  10   8
  50   4  60   8   6   4
  51   4  61  24  23  25
  52   4  61  25  38  50
  53   4  61  50  48  46
  54   4  61  46  44  42
  55   4  61  42  37  24
  56   4  62  40  33  32
  57   4  62  32  34  41
  58   4  62  41  51  52
  59   4  62  52  53  55
  60   4  62  55  57  40
  62
   1   5   1   2  12  22  11
   2   4   1  11  20  10
   3   3   1  10  46
   4   4   1  46  50   2
   5   4   2   3  13  12
   6   3   2  50   3
   7   5   3   4  14  23  13
   8   4   3  50  49   4
   9   4   4   5  15  14
  10   3   4  49   5
  11   5   5   6  16  24  15
  12   4   5  49  48   6
  13   4   6   7  17  16
  14   3   6  48   7
  15   5   7   8  18  25  17
  16   4   7  48  47   8
  17   4   8   9  19  18
  18   3   8  47   9
  19   5   9  10  20  26  19
  20   4   9  47  46  10
  21   4  11  22  27  21
  22   3  11  21  20
  23   3  12  13  51
  24   4  12  51  55  22
  25   4  13  23  52  51
  26   3  14  15  45
  27   4  14  45  32  23
  28   4  15  24  42  45
  29   3  16  17  44
  30   4  16  44  43  24
  31   4  17  25  38  44
  32   4  18  19  57  56
  33   3  18  56  25
  34   3  19  26  57
  35   4  20  21  33  26
  36   5  21  27  28  34  33
  37   3  22  55  27
  38   3  23  32  52
  39   3  24  43  42
  40   4  25  56  60  38
  41   4  26  33  58  57
  42   4  27  55  54  28
  43   4  28  29  35  34
  44   3  28  54  29
  45   5  29  30  39  36  35
  46   4  29  54  53  30
  47   4  30  31  40  39
  48   3  30  53  31
  49   5  31  32  45  42  40
  50   4  31  53  52  32
  51   3  33  34  58
  52   4  34  35  59  58
  53   3  35  36  59
  54   4  36  39  41  37
  55   4  36  37  60  59
  56   5  37  41  43  44  38
  57   3  37  38  60
  58   3  39  40  41
  59   4  40  42  43  41
  60   5  46  47  48  49  50
  61   5  51  52  53  54  55
  62   5  56  57  58  59  60
  60
   1 -2.23918979533893e-01 -6.89151757530500e-01  6.89151757342350e-01
   2 -5.86227499460078e-01 -4.25919209505684e-01  6.89151757342350e-01
   3 -7.24617039890013e-01  1.09051077901903e-10  6.89151757342350e-01
   4 -5.86227500069863e-01  4.25919209711357e-01  6.89151757342350e-01
   5 -2.23918980520547e-01  6.89151757703639e-01  6.89151757342350e-01
   6  2.23918978711401e-01  6.89151757703643e-01  6.89151757342350e-01
   7  5.86227498661221e-01  4.25919209711357e-01  6.89151757342350e-01
   8  7.24617039129402e-01  1.09051077901903e-10  6.89151757342350e-01
   9  5.86227499347501e-01 -4.25919209505682e-01  6.89151757342350e-01
  10  2.23918979821818e-01 -6.89151757530500e-01  6.89151757342350e-01
  11 -2.23918979513787e-01 -9.24594106173340e-01  3.08198035226248e-01
  12 -8.10146479123647e-01 -4.98674896561646e-01  3.08198035217418e-01
  13 -9.48536019190180e-01 -7.27556868220727e-02  3.08198035168051e-01
  14 -7.24617039405663e-01  6.16396070570952e-01  3.08198035202707e-01
  15 -3.62308519599073e-01  8.79628618385115e-01  3.08198035168051e-01
  16  3.62308520102337e-01  8.79628618302717e-01  3.08198035202707e-01
  17  7.24617039838495e-01  6.16396070391615e-01  3.08198035168051e-01
  18  9.48536019466287e-01 -7.27556870523331e-02  3.08198035202707e-01
  19  8.10146479295054e-01 -4.98674896438777e-01  3.08198035168051e-01
  20  2.23918979772313e-01 -9.24594106157884e-01  3.08198035251256e-01
  21  3.27818885084154e-11 -9.97349792441076e-01 -7.27556870670224e-02
  22 -5.86227499491290e-01 -8.06872931925752e-01  7.27556868643716e-02
  23 -9.48536018999370e-01  3.08198035407527e-01  7.27556867351256e-02
  24  2.98665537416288e-10  9.97349792526511e-01  7.27556867244983e-02
  25  9.48536019477890e-01  3.08198035049126e-01  7.27556867244983e-02
  26  5.86227499640356e-01 -8.06872931682349e-01  7.27556867279378e-02
  27 -3.62308519760607e-01 -8.79628618801013e-01 -3.08198035180320e-01
  28 -2.23918979457790e-01 -6.89151757677461e-01 -6.89151757244412e-01
  29 -2.23918979288122e-01 -3.08198035429877e-01 -9.24594105648236e-01
  30 -3.62308519316410e-01  1.17721174191990e-01 -9.24594105697605e-01
  31 -5.86227498942234e-01  4.25919209583074e-01 -6.89151757373653e-01
  32 -8.10146478679450e-01  4.98674896496423e-01 -3.08198035340077e-01
  33  3.62308519999361e-01 -8.79628618592454e-01 -3.08198035409586e-01
  34  2.23918979864005e-01 -6.89151757645813e-01 -6.89151757536805e-01
  35  2.23918979875613e-01 -3.08198035649632e-01 -9.24594105949944e-01
  36  3.62308520029738e-01  1.17721173742365e-01 -9.24594105951256e-01
  37  5.86227499677907e-01  4.25919209012918e-01 -6.89151757540236e-01
  38  8.10146479325435e-01  4.98674895961114e-01 -3.08198035413832e-01
  39 -1.46081053272036e-09  3.80953723974585e-01 -9.24594104050381e-01
  40 -2.23918981423901e-01  6.89151758580618e-01 -6.89151755080544e-01
  41  2.23918979515677e-01  6.89151757230655e-01 -6.89151757658675e-01
  42 -2.23918979291685e-01  9.24594105305174e-01 -3.08198035252422e-01
  43  2.23918980085823e-01  9.24594106238195e-01 -3.08198035361121e-01
  44  5.86227499894499e-01  8.06872932012776e-01 -7.27556867368449e-02
  45 -5.86227499736364e-01  8.06872931918475e-01 -7.27556867368449e-02
  46  1.55570130450987e-10 -3.80953721754870e-01  9.24594105425098e-01
  47  3.62308519425247e-01 -1.17721174123479e-01  9.24594105671623e-01
  48  2.23918978962321e-01  3.08198035418508e-01  9.24594105671623e-01
  49 -2.23918980210632e-01  3.08198035404858e-01  9.24594105671624e-01
  50 -3.62308519704244e-01 -1.17721173893407e-01  9.24594105367531e-01
  51 -9.48536018796226e-01 -3.08198034915035e-01 -7.27556871722374e-02
  52 -9.48536018903344e-01  7.27556869485832e-02 -3.08198035363522e-01
  53 -7.24617039193410e-01  3.18930937637861e-11 -6.89151757343147e-01
  54 -5.86227499189157e-01 -4.25919209535754e-01 -6.89151757281573e-01
  55 -7.24617039204888e-01 -6.16396070222684e-01 -3.08198035353432e-01
  56  9.86785947105871e-01 -8.51838424207178e-02 -1.37830351548113e-01
  57  8.48396407351181e-01 -5.11103051481586e-01 -1.37830351542923e-01
  58  6.24477427741898e-01 -5.83858738369182e-01 -5.18784073634028e-01
  59  6.24477427760681e-01 -2.02905016417085e-01 -7.54226422006284e-01
  60  8.48396406990327e-01  1.05293018523774e-01 -5.18784073507604e-01
