  60
   1   4   2  11  10  51
   2   4   3  12   1  51
   3   4   4  13   2  55
   4   4   5  14   3  55
   5   4   6  15   4  54
   6   4   7  16   5  54
   7   4   8  17   6  53
   8   4   9  18   7  53
   9   4  10  19   8  52
  10   4   1  20   9  52
  11   4  22  21  20   1
  12   4  13  23  22   2
  13   4  24  23  12   3
  14   4  15  25  24   4
  15   4  26  25  14   5
  16   4  17  27  26   6
  17   4  28  27  16   7
  18   4  19  29  28   8
  19   4  30  29  18   9
  20   4  11  21  30  10
  21   4  32  31  20  11
  22   4  12  33  32  11
  23   4  13  34  33  12
  24   4  14  35  34  13
  25   4  15  36  35  14
  26   4  16  37  36  15
  27   4  17  38  37  16
  28   4  18  39  38  17
  29   4  19  40  39  18
  30   4  20  31  40  19
  31   4  50  40  30  21
  32   4  22  33  41  21
  33   4  23  42  32  22
  34   4  24  35  43  23
  35   4  25  44  34  24
  36   4  25  26  37  45
  37   4  27  46  36  26
  38   4  39  47  27  28
  39   4  29  48  38  28
  40   4  31  49  29  30
  41   4  50  32  42  56
  42   4  41  33  43  57
  43   4  42  34  44  57
  44   4  43  35  45  58
  45   4  44  36  46  58
  46   4  45  37  47  59
  47   4  46  38  48  59
  48   4  47  39  49  60
  49   4  48  40  50  60
  50   4  49  31  41  56
  51   4  52  55   2   1
  52   4  53  51  10   9
  53   4  54  52   8   7
  54   4  55  53   6   5
  55   4  51  54   4   3
  56   4  57  60  50  41
  57   4  58  56  42  43
  58   4  59  57  44  45
  59   4  60  58  46  47
  60   4  56  59  48  49
  60
   1   4   1   2   3   4
   2   4   5   1   4   6
   3   4   7   5   6   8
   4   4   9   7   8  10
   5   4  11   9  10  12
   6   4  13  11  12  14
   7   4  15  13  14  16
   8   4  17  15  16  18
   9   4  19  17  18  20
  10   4   2  19  20   3
  11   4  21  22   2   1
  12   4  23  24   1   5
  13   4  25  23   5   7
  14   4  26  27   7   9
  15   4  28  26   9  11
  16   4  29  30  11  13
  17   4  31  29  13  15
  18   4  32  33  15  17
  19   4  34  32  17  19
  20   4  22  35  19   2
  21   4  36  35  22  21
  22   4  24  37  21   1
  23   4  25  38  24  23
  24   4  27  39  25   7
  25   4  28  40  27  26
  26   4  30  41  28  11
  27   4  31  42  30  29
  28   4  33  43  31  15
  29   4  34  44  33  32
  30   4  35  45  34  19
  31   4  46  45  35  36
  32   4  37  47  36  21
  33   4  38  47  37  24
  34   4  39  48  38  25
  35   4  40  48  39  27
  36   4  28  41  49  40
  37   4  42  49  41  30
  38   4  50  42  31  43
  39   4  44  50  43  33
  40   4  46  44  34  45
  41   4  36  47  51  52
  42   4  47  38  53  51
  43   4  38  48  54  53
  44   4  48  40  55  54
  45   4  40  49  56  55
  46   4  49  42  57  56
  47   4  42  50  58  57
  48   4  50  44  59  58
  49   4  44  46  60  59
  50   4  46  36  52  60
  51   4  61   6   4   3
  52   4  61   3  20  18
  53   4  61  18  16  14
  54   4  61  14  12  10
  55   4  61  10   8   6
  56   4  62  60  52  51
  57   4  62  51  53  54
  58   4  62  54  55  56
  59   4  62  56  57  58
  60   4  62  58  59  60
  62
   1   5   1   2  12  22  11
   2   4   1  11  20  10
   3   4   1  10  52  51
   4   3   1  51   2
   5   4   2   3  13  12
   6   4   2  51  55   3
   7   5   3   4  14  24  13
   8   3   3  55   4
   9   4   4   5  15  14
  10   4   4  55  54   5
  11   5   5   6  16  26  15
  12   3   5  54   6
  13   4   6   7  17  16
  14   4   6  54  53   7
  15   5   7   8  18  28  17
  16   3   7  53   8
  17   4   8   9  19  18
  18   4   8  53  52   9
  19   5   9  10  20  30  19
  20   3   9  52  10
  21   4  11  22  32  21
  22   3  11  21  20
  23   3  12  13  23
  24   4  12  23  33  22
  25   4  13  24  34  23
  26   3  14  15  25
  27   4  14  25  35  24
  28   4  15  26  36  25
  29   3  16  17  27
  30   4  16  27  37  26
  31   4  17  28  38  27
  32   3  18  19  29
  33   4  18  29  39  28
  34   4  19  30  40  29
  35   4  20  21  31  30
  36   5  21  32  41  50  31
  37   3  22  33  32
  38   5  23  34  43  42  33
  39   3  24  35  34
  40   5  25  36  45  44  35
  41   3  26  37  36
  42   5  27  38  47  46  37
  43   3  28  39  38
  44   5  29  40  49  48  39
  45   3  30  31  40
  46   4  31  50  49  40
  47   4  32  33  42  41
  48   4  34  35  44  43
  49   4  36  37  46  45
  50   4  38  39  48  47
  51   4  41  42  57  56
  52   3  41  56  50
  53   3  42  43  57
  54   4  43  44  58  57
  55   3  44  45  58
  56   4  45  46  59  58
  57   3  46  47  59
  58   4  47  48  60  59
  59   3  48  49  60
  60   4  49  50  56  60
  61   5  51  52  53  54  55
  62   5  56  57  58  59  60
  60
   1 -2.23918980502791e-01 -6.89151753958798e-01  6.89151753203270e-01
   2 -5.86227498357589e-01 -4.25919207438933e-01  6.89151753203270e-01
   3 -7.24617037672315e-01 -3.64540683857599e-10  6.89151753203270e-01
   4 -5.86227498242860e-01  4.25919206672572e-01  6.89151753203270e-01
   5 -2.23918980440918e-01  6.89151753054625e-01  6.89151753203270e-01
   6  2.23918976354414e-01  6.89151753014409e-01  6.89151753203270e-01
   7  5.86227494109089e-01  4.25919206567294e-01  6.89151753203270e-01
   8  7.24617033462055e-01 -4.94673439359701e-10  6.89151753203270e-01
   9  5.86227494070848e-01 -4.25919207544214e-01  6.89151753203270e-01
  10  2.23918976292546e-01 -6.89151753958798e-01  6.89151753203270e-01
  11 -2.23918980482685e-01 -9.24594101255569e-01  3.08198033265152e-01
  12 -8.10146476740971e-01 -4.98674894078937e-01  3.08198033256323e-01
  13 -9.48536016016305e-01 -7.27556867744242e-02  3.08198033206956e-01
  14 -7.24617037511975e-01  6.16396066678589e-01  3.08198033241611e-01
  15 -3.62308519776772e-01  8.79628612987802e-01  3.08198033206956e-01
  16  3.62308515781865e-01  8.79628612905404e-01  3.08198033241612e-01
  17  7.24617033446636e-01  6.16396066499252e-01  3.08198033206956e-01
  18  9.48536011794241e-01 -7.27556870046846e-02  3.08198033241611e-01
  19  8.10146472414207e-01 -4.98674893956068e-01  3.08198033206956e-01
  20  2.23918976243041e-01 -9.24594101240114e-01  3.08198033290160e-01
  21 -2.21630357928472e-09 -9.97349787107347e-01 -7.27556868501334e-02
  22 -5.86227498388802e-01 -8.06872927681016e-01  7.27556862493445e-02
  23 -9.48536015265160e-01 -3.08198033304917e-01 -7.27556871233010e-02
  24 -9.48536015920481e-01  3.08198033213051e-01  7.27556861094712e-02
  25 -5.86227498633875e-01  8.06872926937120e-01 -7.27556865199559e-02
  26 -1.95041993189696e-09  9.97349786456163e-01  7.27556861094712e-02
  27  5.86227494293840e-01  8.06872927031421e-01 -7.27556865199559e-02
  28  9.48536011805844e-01  3.08198032918790e-01  7.27556861094712e-02
  29  9.48536012377998e-01 -3.08198034013122e-01 -7.27556865199559e-02
  30  5.86227493955297e-01 -8.06872927464095e-01  7.27556861094712e-02
  31  3.62308515402300e-01 -8.79628612869235e-01 -3.08198033869746e-01
  32 -3.62308520108845e-01 -8.79628613537205e-01 -3.08198033681712e-01
  33 -7.24617036970593e-01 -6.16396066827713e-01 -3.08198033838912e-01
  34 -9.48536013063557e-01  7.27556868402732e-02 -3.08198033566354e-01
  35 -8.10146477045474e-01  4.98674893467323e-01 -3.08198033798163e-01
  36 -2.23918981279637e-01  9.24594101345345e-01 -3.08198033897937e-01
  37  2.23918976556551e-01  9.24594100583806e-01 -3.08198033798163e-01
  38  8.10146473401032e-01  4.98674894190407e-01 -3.08198033897937e-01
  39  9.48536012389601e-01  7.27556859156177e-02 -3.08198033798163e-01
  40  7.24617034853475e-01 -6.16396068004015e-01 -3.08198033897937e-01
  41 -2.23918981000237e-01 -6.89151752872079e-01 -6.89151753364564e-01
  42 -5.86227495414297e-01 -4.25919206794540e-01 -6.89151752944330e-01
  43 -7.24617029485796e-01  1.00239002604627e-10 -6.89151752416553e-01
  44 -5.86227484889614e-01  4.25919207248854e-01 -6.89151751982827e-01
  45 -2.23918963970945e-01  6.89151753990929e-01 -6.89151751808819e-01
  46  2.23918992700630e-01  6.89151754421740e-01 -6.89151751960995e-01
  47  5.86227507138325e-01  4.25919208376739e-01 -6.89151752381228e-01
  48  7.24617041248072e-01  1.49437649710687e-09 -6.89151752909005e-01
  49  5.86227496690131e-01 -4.25919205666662e-01 -6.89151753342732e-01
  50  2.23918975795100e-01 -6.89151752441267e-01 -6.89151753516739e-01
  51 -2.23918980084542e-01 -3.08198033775467e-01  9.24594099939947e-01
  52  2.23918976272434e-01 -3.08198033943282e-01  9.24594100186472e-01
  53  3.62308515632435e-01  1.17721173054366e-01  9.24594100186472e-01
  54 -2.08253124512257e-09  3.80953719455770e-01  9.24594100186473e-01
  55 -3.62308519441588e-01  1.17721173127757e-01  9.24594099882380e-01
  56  8.65388999313108e-10 -3.80953718487133e-01 -9.24594099745564e-01
  57 -3.62308513292668e-01 -1.17721172803022e-01 -9.24594099571856e-01
  58 -2.23918968701737e-01  3.08198034285269e-01 -9.24594099138130e-01
  59  2.23918987910841e-01  3.08198034702435e-01 -9.24594099290305e-01
  60  3.62308521694052e-01 -1.17721171875881e-01 -9.24594099513987e-01
