  60
   1   4   2  11  10  46
   2   4   3  12   1  50
   3   4   4  13   2  50
   4   4   5  14   3  49
   5   4   6  15   4  49
   6   4   7  16   5  48
   7   4   8  17   6  48
   8   4   9  18   7  47
   9   4  10  19   8  47
  10   4   1  20   9  46
  11   4  22  21  20   1
  12   4  22   2  13  51
  13   4  12   3  23  52
  14   4  15  45  23   4
  15   4   5  24  45  14
  16   4  17  44  24   6
  17   4  25  44  16   7
  18   4  25   8  19  56
  19   4  18   9  26  57
  20   4  11  21  26  10
  21   4  27  33  20  11
  22   4  27  11  12  51
  23   4  13  14  32  52
  24   4  15  16  43  42
  25   4  38  17  18  56
  26   4  19  20  33  57
  27   4  28  21  22  55
  28   4  29  34  27  55
  29   4  30  35  28  54
  30   4  31  39  29  54
  31   4  32  40  30  53
  32   4  23  45  31  53
  33   4  26  21  34  58
  34   4  33  28  35  58
  35   4  34  29  36  59
  36   4  35  39  37  59
  37   4  36  41  38  60
  38   4  37  44  25  60
  39   4  40  41  36  30
  40   4  31  42  41  39
  41   4  39  40  43  37
  42   4  45  24  43  40
  43   4  42  24  44  41
  44   4  43  16  17  38
  45   4  14  15  42  32
  46   4  47  50   1  10
  47   4  48  46   9   8
  48   4  49  47   7   6
  49   4  50  48   5   4
  50   4  46  49   3   2
  51   4  52  55  22  12
  52   4  53  51  13  23
  53   4  54  52  32  31
  54   4  55  53  30  29
  55   4  51  54  28  27
  56   4  57  60  25  18
  57   4  58  56  19  26
  58   4  59  57  33  34
  59   4  60  58  35  36
  60   4  56  59  37  38
  60
   1   4   1   2   3   4
   2   4   5   1   4   6
   3   4   7   5   6   8
   4   4   9   7   8  10
   5   4  11   9  10  12
   6   4  13  11  12  14
   7   4  15  13  14  16
   8   4  17  15  16  18
   9   4  19  17  18  20
  10   4   2  19  20   3
  11   4  21  22   2   1
  12   4   1   5  23  24
  13   4   5   7  25  23
  14   4  26  27   7   9
  15   4  11  28  26   9
  16   4  29  30  11  13
  17   4  31  29  13  15
  18   4  15  17  32  33
  19   4  17  19  34  32
  20   4  22  35  19   2
  21   4  36  35  22  21
  22   4  21   1  24  37
  23   4   7  27  38  25
  24   4  11  30  39  28
  25   4  31  15  33  40
  26   4  19  35  41  34
  27   4  36  21  37  42
  28   4  43  36  42  44
  29   4  45  43  44  46
  30   4  47  45  46  48
  31   4  49  47  48  50
  32   4  27  49  50  38
  33   4  35  36  51  41
  34   4  36  43  52  51
  35   4  43  45  53  52
  36   4  45  54  55  53
  37   4  54  56  57  55
  38   4  56  31  40  57
  39   4  58  54  45  47
  40   4  49  59  58  47
  41   4  58  59  56  54
  42   4  28  39  59  49
  43   4  39  30  56  59
  44   4  30  29  31  56
  45   4  26  28  49  27
  46   4  60   4   3  20
  47   4  60  20  18  16
  48   4  60  16  14  12
  49   4  60  12  10   8
  50   4  60   8   6   4
  51   4  61  37  24  23
  52   4  61  23  25  38
  53   4  61  38  50  48
  54   4  61  48  46  44
  55   4  61  44  42  37
  56   4  62  40  33  32
  57   4  62  32  34  41
  58   4  62  41  51  52
  59   4  62  52  53  55
  60   4  62  55  57  40
  62
   1   5   1   2  12  22  11
   2   4   1  11  20  10
   3   3   1  10  46
   4   4   1  46  50   2
   5   4   2   3  13  12
   6   3   2  50   3
   7   5   3   4  14  23  13
   8   4   3  50  49   4
   9   4   4   5  15  14
  10   3   4  49   5
  11   5   5   6  16  24  15
  12   4   5  49  48   6
  13   4   6   7  17  16
  14   3   6  48   7
  15   5   7   8  18  25  17
  16   4   7  48  47   8
  17   4   8   9  19  18
  18   3   8  47   9
  19   5   9  10  20  26  19
  20   4   9  47  46  10
  21   4  11  22  27  21
  22   3  11  21  20
  23   4  12  13  52  51
  24   3  12  51  22
  25   3  13  23  52
  26   3  14  15  45
  27   4  14  45  32  23
  28   4  15  24  42  45
  29   3  16  17  44
  30   4  16  44  43  24
  31   4  17  25  38  44
  32   4  18  19  57  56
  33   3  18  56  25
  34   3  19  26  57
  35   4  20  21  33  26
  36   5  21  27  28  34  33
  37   4  22  51  55  27
  38   4  23  32  53  52
  39   3  24  43  42
  40   4  25  56  60  38
  41   4  26  33  58  57
  42   3  27  55  28
  43   4  28  29  35  34
  44   4  28  55  54  29
  45   5  29  30  39  36  35
  46   3  29  54  30
  47   4  30  31  40  39
  48   4  30  54  53  31
  49   5  31  32  45  42  40
  50   3  31  53  32
  51   3  33  34  58
  52   4  34  35  59  58
  53   3  35  36  59
  54   4  36  39  41  37
  55   4  36  37  60  59
  56   5  37  41  43  44  38
  57   3  37  38  60
  58   3  39  40  41
  59   4  40  42  43  41
  60   5  46  47  48  49  50
  61   5  51  52  53  54  55
  62   5  56  57  58  59  60
  60
   1 -2.23918979483029e-01 -6.89151757695657e-01  6.89151757338017e-01
   2 -5.86227499430719e-01 -4.25919209655217e-01  6.89151757338017e-01
   3 -7.24617039868868e-01 -1.52012937821437e-11  6.89151757338017e-01
   4 -5.86227500040504e-01  4.25919209612386e-01  6.89151757338017e-01
   5 -2.23918980469683e-01  6.89151757620292e-01  6.89151757338017e-01
   6  2.23918978788847e-01  6.89151757620296e-01  6.89151757338017e-01
   7  5.86227498760171e-01  4.25919209612386e-01  6.89151757338017e-01
   8  7.24617039236567e-01 -1.52012937821437e-11  6.89151757338017e-01
   9  5.86227499446451e-01 -4.25919209655215e-01  6.89151757338017e-01
  10  2.23918979899264e-01 -6.89151757695657e-01  6.89151757338017e-01
  11 -2.23918979462923e-01 -9.24594106352472e-01  3.08198035199304e-01
  12 -8.10146479107579e-01 -4.98674896715498e-01  3.08198035190474e-01
  13 -9.48536019182326e-01 -7.27556869506436e-02  3.08198035141107e-01
  14 -7.24617039384518e-01  6.16396070483286e-01  3.08198035175763e-01
  15 -3.62308519556424e-01  8.79628618313073e-01  3.08198035141107e-01
  16  3.62308520187997e-01  8.79628618230676e-01  3.08198035175763e-01
  17  7.24617039945660e-01  6.16396070303949e-01  3.08198035141107e-01
  18  9.48536019586742e-01 -7.27556871809039e-02  3.08198035175763e-01
  19  8.10146479407295e-01 -4.98674896592629e-01  3.08198035141107e-01
  20  2.23918979849759e-01 -9.24594106337016e-01  3.08198035224312e-01
  21  9.69364515319493e-11 -9.97349792624526e-01 -7.27556871165783e-02
  22 -5.86227499461932e-01 -8.06872932097897e-01  7.27556868234526e-02
  23 -9.48536019136423e-01  3.08198035595170e-01  7.27556867883735e-02
  24  3.62820100455604e-10  9.97349792461456e-01  7.27556866835793e-02
  25  9.48536019598346e-01  3.08198034943167e-01  7.27556866835793e-02
  26  5.86227499739306e-01 -8.06872931854494e-01  7.27556866870188e-02
  27 -3.62308519862861e-01 -8.79628618683872e-01 -3.08198035149688e-01
  28 -2.23918979730942e-01 -6.89151757186098e-01 -6.89151757119990e-01
  29 -2.23918979706177e-01 -3.08198034622297e-01 -9.24594105443626e-01
  30 -3.62308519798028e-01  1.17721175136997e-01 -9.24594105457025e-01
  31 -5.86227499381793e-01  4.25919210434227e-01 -6.89151757155069e-01
  32 -8.10146478987397e-01  4.98674897058287e-01 -3.08198035193043e-01
  33  3.62308520085021e-01 -8.79628618768918e-01 -3.08198035473117e-01
  34  2.23918979941450e-01 -6.89151757810971e-01 -6.89151757622948e-01
  35  2.23918979953058e-01 -3.08198035792178e-01 -9.24594106050061e-01
  36  3.62308520115398e-01  1.17721173625100e-01 -9.24594106051373e-01
  37  5.86227499776857e-01  4.25919208913947e-01 -6.89151757626378e-01
  38  8.10146479437676e-01  4.98674895866461e-01 -3.08198035477362e-01
  39 -1.39665596978548e-09  3.80953723872944e-01 -9.24594104150498e-01
  40 -2.23918981373037e-01  6.89151758497270e-01 -6.89151755166686e-01
  41  2.23918979593122e-01  6.89151757147307e-01 -6.89151757744818e-01
  42 -2.23918979240821e-01  9.24594105235802e-01 -3.08198035315953e-01
  43  2.23918980163269e-01  9.24594106168823e-01 -3.08198035424652e-01
  44  5.86227499993450e-01  8.06872931936416e-01 -7.27556867864008e-02
  45 -5.86227499707005e-01  8.06872931842115e-01 -7.27556867864008e-02
  46  2.19724693481809e-10 -3.80953721901734e-01  9.24594105434740e-01
  47  3.62308519510906e-01 -1.17721174254719e-01  9.24594105681265e-01
  48  2.23918979039766e-01  3.08198035312549e-01  9.24594105681265e-01
  49 -2.23918980159768e-01  3.08198035298898e-01  9.24594105681266e-01
  50 -3.62308519661594e-01 -1.17721174024647e-01  9.24594105377173e-01
  51 -8.48396407080292e-01 -5.11103050904071e-01 -1.37830351550850e-01
  52 -9.86785947300658e-01 -8.51838416474538e-02 -1.37830351560366e-01
  53 -8.48396407164065e-01  1.05293019778815e-01 -5.18784073495374e-01
  54 -6.24477427612012e-01 -2.02905015486967e-01 -7.54226421756442e-01
  55 -6.24477427491974e-01 -5.83858737538041e-01 -5.18784073345147e-01
  56  9.86785947228597e-01 -8.51838425500263e-02 -1.37830351601532e-01
  57  8.48396407465693e-01 -5.11103051636175e-01 -1.37830351596341e-01
  58  6.24477427843119e-01 -5.83858738528090e-01 -5.18784073710059e-01
  59  6.24477427861901e-01 -2.02905016553381e-01 -7.54226422096289e-01
  60  8.48396407104838e-01  1.05293018405771e-01 -5.18784073583634e-01
