  60
   1   4   2  11  10  46
   2   4   3  12   1  46
   3   4   4  13   2  50
   4   4   5  14   3  50
   5   4   6  15   4  49
   6   4   7  16   5  49
   7   4   8  17   6  48
   8   4   9  18   7  48
   9   4  10  19   8  47
  10   4   1  20   9  47
  11   4  22  21  20   1
  12   4  22   2  13  51
  13   4  12   3  23  52
  14   4  15  45  23   4
  15   4   5  24  45  14
  16   4  17  44  24   6
  17   4  25  44  16   7
  18   4  25   8  19  56
  19   4  18   9  26  57
  20   4  11  21  26  10
  21   4  27  33  20  11
  22   4  27  11  12  51
  23   4  13  14  32  52
  24   4  15  16  43  42
  25   4  38  17  18  56
  26   4  19  20  33  57
  27   4  28  21  22  55
  28   4  29  34  27  55
  29   4  30  35  28  54
  30   4  31  39  29  54
  31   4  32  40  30  53
  32   4  23  45  31  53
  33   4  26  21  34  58
  34   4  33  28  35  58
  35   4  34  29  36  59
  36   4  35  39  37  59
  37   4  36  41  38  60
  38   4  37  44  25  60
  39   4  40  41  36  30
  40   4  31  42  41  39
  41   4  39  40  43  37
  42   4  45  24  43  40
  43   4  42  24  44  41
  44   4  43  16  17  38
  45   4  14  15  42  32
  46   4  47  50   2   1
  47   4  48  46  10   9
  48   4  49  47   8   7
  49   4  50  48   6   5
  50   4  46  49   4   3
  51   4  52  55  22  12
  52   4  53  51  13  23
  53   4  54  52  32  31
  54   4  55  53  30  29
  55   4  51  54  28  27
  56   4  57  60  25  18
  57   4  58  56  19  26
  58   4  59  57  33  34
  59   4  60  58  35  36
  60   4  56  59  37  38
  60
   1   4   1   2   3   4
   2   4   5   1   4   6
   3   4   7   5   6   8
   4   4   9   7   8  10
   5   4  11   9  10  12
   6   4  13  11  12  14
   7   4  15  13  14  16
   8   4  17  15  16  18
   9   4  19  17  18  20
  10   4   2  19  20   3
  11   4  21  22   2   1
  12   4   1   5  23  24
  13   4   5   7  25  23
  14   4  26  27   7   9
  15   4  11  28  26   9
  16   4  29  30  11  13
  17   4  31  29  13  15
  18   4  15  17  32  33
  19   4  17  19  34  32
  20   4  22  35  19   2
  21   4  36  35  22  21
  22   4  21   1  24  37
  23   4   7  27  38  25
  24   4  11  30  39  28
  25   4  31  15  33  40
  26   4  19  35  41  34
  27   4  36  21  37  42
  28   4  43  36  42  44
  29   4  45  43  44  46
  30   4  47  45  46  48
  31   4  49  47  48  50
  32   4  27  49  50  38
  33   4  35  36  51  41
  34   4  36  43  52  51
  35   4  43  45  53  52
  36   4  45  54  55  53
  37   4  54  56  57  55
  38   4  56  31  40  57
  39   4  58  54  45  47
  40   4  49  59  58  47
  41   4  58  59  56  54
  42   4  28  39  59  49
  43   4  39  30  56  59
  44   4  30  29  31  56
  45   4  26  28  49  27
  46   4  60   6   4   3
  47   4  60   3  20  18
  48   4  60  18  16  14
  49   4  60  14  12  10
  50   4  60  10   8   6
  51   4  61  37  24  23
  52   4  61  23  25  38
  53   4  61  38  50  48
  54   4  61  48  46  44
  55   4  61  44  42  37
  56   4  62  40  33  32
  57   4  62  32  34  41
  58   4  62  41  51  52
  59   4  62  52  53  55
  60   4  62  55  57  40
  62
   1   5   1   2  12  22  11
   2   4   1  11  20  10
   3   4   1  10  47  46
   4   3   1  46   2
   5   4   2   3  13  12
   6   4   2  46  50   3
   7   5   3   4  14  23  13
   8   3   3  50   4
   9   4   4   5  15  14
  10   4   4  50  49   5
  11   5   5   6  16  24  15
  12   3   5  49   6
  13   4   6   7  17  16
  14   4   6  49  48   7
  15   5   7   8  18  25  17
  16   3   7  48   8
  17   4   8   9  19  18
  18   4   8  48  47   9
  19   5   9  10  20  26  19
  20   3   9  47  10
  21   4  11  22  27  21
  22   3  11  21  20
  23   4  12  13  52  51
  24   3  12  51  22
  25   3  13  23  52
  26   3  14  15  45
  27   4  14  45  32  23
  28   4  15  24  42  45
  29   3  16  17  44
  30   4  16  44  43  24
  31   4  17  25  38  44
  32   4  18  19  57  56
  33   3  18  56  25
  34   3  19  26  57
  35   4  20  21  33  26
  36   5  21  27  28  34  33
  37   4  22  51  55  27
  38   4  23  32  53  52
  39   3  24  43  42
  40   4  25  56  60  38
  41   4  26  33  58  57
  42   3  27  55  28
  43   4  28  29  35  34
  44   4  28  55  54  29
  45   5  29  30  39  36  35
  46   3  29  54  30
  47   4  30  31  40  39
  48   4  30  54  53  31
  49   5  31  32  45  42  40
  50   3  31  53  32
  51   3  33  34  58
  52   4  34  35  59  58
  53   3  35  36  59
  54   4  36  39  41  37
  55   4  36  37  60  59
  56   5  37  41  43  44  38
  57   3  37  38  60
  58   3  39  40  41
  59   4  40  42  43  41
  60   5  46  47  48  49  50
  61   5  51  52  53  54  55
  62   5  56  57  58  59  60
  60
   1 -2.23918979630002e-01 -6.89151757672707e-01  6.89151757365644e-01
   2 -5.86227499592216e-01 -4.25919209621715e-01  6.89151757365644e-01
   3 -7.24617039711902e-01 -6.99065208241238e-11  6.89151757365644e-01
   4 -5.86227499477486e-01  4.25919209444622e-01  6.89151757365644e-01
   5 -2.23918979568128e-01  6.89151757357802e-01  6.89151757365644e-01
   6  2.23918979832113e-01  6.89151757317586e-01  6.89151757365644e-01
   7  5.86227499694203e-01  4.25919209339344e-01  6.89151757365644e-01
   8  7.24617039852131e-01 -2.00039277083159e-10  6.89151757365644e-01
   9  5.86227499655962e-01 -4.25919209726996e-01  6.89151757365644e-01
  10  2.23918979770244e-01 -6.89151757672707e-01  6.89151757365644e-01
  11 -2.23918979609895e-01 -9.24594106338960e-01  3.08198035211659e-01
  12 -8.10146479278052e-01 -4.98674896684912e-01  3.08198035202829e-01
  13 -9.48536019358347e-01 -7.27556869029832e-02  3.08198035153462e-01
  14 -7.24617039551562e-01  6.16396070558573e-01  3.08198035188118e-01
  15 -3.62308519708944e-01  8.79628618398913e-01  3.08198035153462e-01
  16  3.62308520064525e-01  8.79628618316515e-01  3.08198035188118e-01
  17  7.24617039836712e-01  6.16396070379236e-01  3.08198035153462e-01
  18  9.48536019486771e-01 -7.27556871332436e-02  3.08198035188118e-01
  19  8.10146479301776e-01 -4.98674896562042e-01  3.08198035153462e-01
  20  2.23918979720739e-01 -9.24594106323504e-01  3.08198035236667e-01
  21 -4.10594235018763e-11 -9.97349792613931e-01 -7.27556871194948e-02
  22 -5.86227499623428e-01 -8.06872932079666e-01  7.27556868263694e-02
  23 -9.48536019312444e-01  3.08198035658102e-01  7.27556867912902e-02
  24  2.24824225432437e-10  9.97349792552015e-01  7.27556866864961e-02
  25  9.48536019498375e-01  3.08198035006099e-01  7.27556866864961e-02
  26  5.86227499624811e-01 -8.06872931836263e-01  7.27556866899355e-02
  27 -3.62308520015381e-01 -8.79628618668557e-01 -3.08198035162043e-01
  28 -2.23918979877914e-01 -6.89151757163147e-01 -6.89151757147616e-01
  29 -2.23918979853149e-01 -3.08198034584075e-01 -9.24594105480691e-01
  30 -3.62308519950548e-01  1.17721175192293e-01 -9.24594105494090e-01
  31 -5.86227499543290e-01  4.25919210501878e-01 -6.89151757182696e-01
  32 -8.10146479157870e-01  4.98674897128855e-01 -3.08198035205398e-01
  33  3.62308519961549e-01 -8.79628618753603e-01 -3.08198035485472e-01
  34  2.23918979812431e-01 -6.89151757788020e-01 -6.89151757650574e-01
  35  2.23918979824039e-01 -3.08198035753956e-01 -9.24594106087126e-01
  36  3.62308519991926e-01  1.17721173680397e-01 -9.24594106088438e-01
  37  5.86227499662362e-01  4.25919208981598e-01 -6.89151757654005e-01
  38  8.10146479332158e-01  4.98674895937028e-01 -3.08198035489717e-01
  39 -1.53465184487918e-09  3.80953723938793e-01 -9.24594104187563e-01
  40 -2.23918981520009e-01  6.89151758575474e-01 -6.89151755194313e-01
  41  2.23918979464103e-01  6.89151757225511e-01 -6.89151757772444e-01
  42 -2.23918979387793e-01  9.24594105323444e-01 -3.08198035328308e-01
  43  2.23918980034249e-01  9.24594106256465e-01 -3.08198035437007e-01
  44  5.86227499878955e-01  8.06872932019339e-01 -7.27556867893173e-02
  45 -5.86227499868502e-01  8.06872931925038e-01 -7.27556867893173e-02
  46 -2.23918979211752e-01 -3.08198035273508e-01  9.24594105471803e-01
  47  2.23918979750132e-01 -3.08198035441322e-01  9.24594105718328e-01
  48  3.62308519915095e-01  1.17721174033741e-01  9.24594105718328e-01
  49  9.27129114383772e-11  3.80953721966272e-01  9.24594105718329e-01
  50 -3.62308519373760e-01  1.17721174107132e-01  9.24594105414236e-01
  51 -8.48396407252298e-01 -5.11103050873983e-01 -1.37830351556375e-01
  52 -9.86785947478212e-01 -8.51838416002916e-02 -1.37830351565892e-01
  53 -8.48396407336071e-01  1.05293019833613e-01 -5.18784073516171e-01
  54 -6.24477427775042e-01 -2.02905015444524e-01 -7.54226421786678e-01
  55 -6.24477427655003e-01 -5.83858737510870e-01 -5.18784073365944e-01
  56  9.86785947130159e-01 -8.51838425028642e-02 -1.37830351607057e-01
  57  8.48396407361707e-01 -5.11103051606087e-01 -1.37830351601866e-01
  58  6.24477427730157e-01 -5.83858738500918e-01 -5.18784073730855e-01
  59  6.24477427748939e-01 -2.02905016510938e-01 -7.54226422126524e-01
  60  8.48396407000853e-01  1.05293018460569e-01 -5.18784073604431e-01
