  55
   1   4   2  11  10  46
   2   4   3  12   1  50
   3   4   4  13   2  50
   4   4   5  14   3  49
   5   4   6  15   4  49
   6   4   7  16   5  48
   7   4   8  17   6  48
   8   4   9  18   7  47
   9   4  10  19   8  47
  10   4   1  20   9  46
  11   4  22  21  20   1
  12   4  22   2  13  51
  13   4  12   3  23  51
  14   4  15  45  23   4
  15   4   5  24  45  14
  16   4  17  44  24   6
  17   4  25  44  16   7
  18   3   8  19  25
  19   3   9  26  18
  20   4  11  21  26  10
  21   4  27  33  20  11
  22   4  27  11  12  55
  23   4  13  14  32  52
  24   4  15  16  43  42
  25   3  17  18  38
  26   3  33  19  20
  27   4  28  21  22  55
  28   4  29  34  27  54
  29   4  30  35  28  54
  30   4  31  39  29  53
  31   4  32  40  30  53
  32   4  23  45  31  52
  33   3  34  26  21
  34   3  28  35  33
  35   3  29  36  34
  36   3  39  37  35
  37   3  41  38  36
  38   3  44  25  37
  39   4  40  41  36  30
  40   4  31  42  41  39
  41   4  39  40  43  37
  42   4  45  24  43  40
  43   4  42  24  44  41
  44   4  43  16  17  38
  45   4  14  15  42  32
  46   4  47  50   1  10
  47   4  48  46   9   8
  48   4  49  47   7   6
  49   4  50  48   5   4
  50   4  46  49   3   2
  51   4  52  55  12  13
  52   4  53  51  23  32
  53   4  54  52  31  30
  54   4  55  53  29  28
  55   4  51  54  27  22
  55
   1   4   1   2   3   4
   2   4   5   1   4   6
   3   4   7   5   6   8
   4   4   9   7   8  10
   5   4  11   9  10  12
   6   4  13  11  12  14
   7   4  15  13  14  16
   8   4  17  15  16  18
   9   4  19  17  18  20
  10   4   2  19  20   3
  11   4  21  22   2   1
  12   4   1   5  23  24
  13   4   5   7  25  23
  14   4  26  27   7   9
  15   4  11  28  26   9
  16   4  29  30  11  13
  17   4  31  29  13  15
  18   3  17  32  15
  19   3  19  32  17
  20   4  22  33  19   2
  21   4  34  33  22  21
  22   4  21   1  24  35
  23   4   7  27  36  25
  24   4  11  30  37  28
  25   3  15  32  31
  26   3  32  19  33
  27   4  34  21  35  38
  28   4  39  34  38  40
  29   4  41  39  40  42
  30   4  43  41  42  44
  31   4  45  43  44  46
  32   4  27  45  46  36
  33   3  32  33  34
  34   3  39  32  34
  35   3  41  32  39
  36   3  47  32  41
  37   3  48  32  47
  38   3  31  32  48
  39   4  49  47  41  43
  40   4  45  50  49  43
  41   4  49  50  48  47
  42   4  28  37  50  45
  43   4  37  30  48  50
  44   4  30  29  31  48
  45   4  26  28  45  27
  46   4  51   4   3  20
  47   4  51  20  18  16
  48   4  51  16  14  12
  49   4  51  12  10   8
  50   4  51   8   6   4
  51   4  52  24  23  25
  52   4  52  25  36  46
  53   4  52  46  44  42
  54   4  52  42  40  38
  55   4  52  38  35  24
  52
   1   5   1   2  12  22  11
   2   4   1  11  20  10
   3   3   1  10  46
   4   4   1  46  50   2
   5   4   2   3  13  12
   6   3   2  50   3
   7   5   3   4  14  23  13
   8   4   3  50  49   4
   9   4   4   5  15  14
  10   3   4  49   5
  11   5   5   6  16  24  15
  12   4   5  49  48   6
  13   4   6   7  17  16
  14   3   6  48   7
  15   5   7   8  18  25  17
  16   4   7  48  47   8
  17   4   8   9  19  18
  18   3   8  47   9
  19   5   9  10  20  26  19
  20   4   9  47  46  10
  21   4  11  22  27  21
  22   3  11  21  20
  23   3  12  13  51
  24   4  12  51  55  22
  25   4  13  23  52  51
  26   3  14  15  45
  27   4  14  45  32  23
  28   4  15  24  42  45
  29   3  16  17  44
  30   4  16  44  43  24
  31   4  17  25  38  44
  32  10  18  19  26  33  34  35  36  37  38  25
  33   4  20  21  33  26
  34   5  21  27  28  34  33
  35   3  22  55  27
  36   3  23  32  52
  37   3  24  43  42
  38   4  27  55  54  28
  39   4  28  29  35  34
  40   3  28  54  29
  41   5  29  30  39  36  35
  42   4  29  54  53  30
  43   4  30  31  40  39
  44   3  30  53  31
  45   5  31  32  45  42  40
  46   4  31  53  52  32
  47   4  36  39  41  37
  48   5  37  41  43  44  38
  49   3  39  40  41
  50   4  40  42  43  41
  51   5  46  47  48  49  50
  52   5  51  52  53  54  55
  55
   1 -1.43834635500940e-01 -6.72264459144761e-01  6.14867716701797e-01
   2 -4.85739056159393e-01 -4.23856356985835e-01  6.14867716701797e-01
   3 -6.16334924165827e-01 -2.19236046445405e-02  6.14867716701797e-01
   4 -4.85739056734837e-01  3.80009147685025e-01  6.14867716701797e-01
   5 -1.43834636432028e-01  6.28417249813249e-01  6.14867716701797e-01
   6  2.78782469097973e-01  6.28417249813253e-01  6.14867716701797e-01
   7  6.20686889778729e-01  3.80009147685025e-01  6.14867716701797e-01
   8  7.51282757821255e-01 -2.19236046445405e-02  6.14867716701797e-01
   9  6.20686890426360e-01 -4.23856356985833e-01  6.14867716701797e-01
  10  2.78782470145854e-01 -6.72264459144761e-01  6.14867716701797e-01
  11 -1.43834635481966e-01 -8.94447420306138e-01  2.55368134179356e-01
  12 -6.97047608969308e-01 -4.92514667967714e-01  2.55368134171024e-01
  13 -8.27643476632806e-01 -9.05819155086120e-02  2.55368134124437e-01
  14 -6.16334923708754e-01  5.59758938758966e-01  2.55368134157141e-01
  15 -2.74430503163161e-01  8.08167040719102e-01  2.55368134124437e-01
  16  4.09378338011287e-01  8.08167040641345e-01  2.55368134157141e-01
  17  7.51282758490414e-01  5.59758938589729e-01  2.55368134124437e-01
  18  9.62591311266567e-01 -9.05819157259048e-02  2.55368134157141e-01
  19  8.31995443504266e-01 -4.92514667851765e-01  2.55368134124437e-01
  20  2.78782470099137e-01 -8.94447420291553e-01  2.55368134202956e-01
  21  6.74739172175376e-02 -9.63105730544182e-01 -1.04131448510276e-01
  22 -4.85739056188848e-01 -7.83355939795124e-01  3.31851732831192e-02
  23 -8.27643476452742e-01  2.68917667120935e-01  3.31851731611519e-02
  24  6.74739174684475e-02  9.19258521129905e-01  3.31851731511231e-02
  25  9.62591311277517e-01  2.68917666782719e-01  3.31851731511231e-02
  26  6.20686890623076e-01 -7.83355939590419e-01  3.31851731511231e-02
  27 -2.74430503315598e-01 -8.52014250606478e-01 -3.26314409171933e-01
  28 -1.43834635429123e-01 -6.72264459283445e-01 -6.85813991645294e-01
  29 -1.43834635269011e-01 -3.12764876636926e-01 -9.07996952581115e-01
  30 -2.74430502896416e-01  8.91678757110979e-02 -9.07996952627705e-01
  31 -4.85739055670713e-01  3.80009147563966e-01 -6.85813991767257e-01
  32 -6.97047608550127e-01  4.48667458411264e-01 -3.26314409322694e-01
  33  4.09378337653098e-01 -8.52014249406978e-01 -3.26314409410103e-01
  34  2.78782469676423e-01 -6.72264457712692e-01 -6.85813991657816e-01
  35  2.78782469682665e-01 -3.12764876830352e-01 -9.07996952584686e-01
  36  4.09378337498196e-01  8.91678753720491e-02 -9.07996952740083e-01
  37  6.20686890436693e-01  3.80009147154556e-01 -6.85813991943704e-01
  38  8.31995443436660e-01  4.48667457999322e-01 -3.26314409390997e-01
  39  6.74739158080597e-02  3.37575979528810e-01 -9.07996951073247e-01
  40 -1.43834637284508e-01  6.28417250640839e-01 -6.85813989603288e-01
  41  2.78782469856954e-01  6.28417249366902e-01 -6.85813992036227e-01
  42 -1.43834635272372e-01  8.50600209991965e-01 -3.26314409239975e-01
  43  2.78782470394991e-01  8.50600210872441e-01 -3.26314409342552e-01
  44  6.20686890942553e-01  7.39508730382347e-01 -1.04131448198693e-01
  45 -4.85739056420119e-01  7.39508730293356e-01 -1.04131448198693e-01
  46  6.74739173334108e-02 -3.81423186929003e-01  8.37050677334625e-01
  47  4.09378337372328e-01 -1.33015085141346e-01  8.37050677567267e-01
  48  2.78782469334761e-01  2.68917667131297e-01  8.37050677567267e-01
  49 -1.43834636139567e-01  2.68917667118416e-01  8.37050677567268e-01
  50 -2.74430503262409e-01 -1.33015084924230e-01  8.37050677280300e-01
  51 -8.27643476261038e-01 -3.12764876151080e-01 -1.04131448609566e-01
  52 -8.27643476362124e-01  4.67347061330975e-02 -3.26314409344818e-01
  53 -6.16334923508455e-01 -2.19236047173532e-02 -6.85813991738468e-01
  54 -4.85739055903730e-01 -4.23856357014211e-01 -6.85813991680362e-01
  55 -6.16334923519286e-01 -6.03606147925211e-01 -3.26314409335296e-01
