  55
   1   4   2  11  10  51
   2   4   3  12   1  51
   3   4   4  13   2  55
   4   4   5  14   3  55
   5   4   6  15   4  54
   6   4   7  16   5  54
   7   4   8  17   6  53
   8   4   9  18   7  53
   9   4  10  19   8  52
  10   4   1  20   9  52
  11   4  22  21  20   1
  12   4  13  23  22   2
  13   4  24  23  12   3
  14   4  15  25  24   4
  15   4  26  25  14   5
  16   4  17  27  26   6
  17   4  28  27  16   7
  18   4  19  29  28   8
  19   4  30  29  18   9
  20   4  11  21  30  10
  21   4  32  31  20  11
  22   4  12  33  32  11
  23   4  13  34  33  12
  24   4  14  35  34  13
  25   4  15  36  35  14
  26   4  16  37  36  15
  27   4  17  38  37  16
  28   4  18  39  38  17
  29   4  19  40  39  18
  30   4  20  31  40  19
  31   4  50  40  30  21
  32   4  22  33  41  21
  33   4  23  42  32  22
  34   4  24  35  43  23
  35   4  25  44  34  24
  36   4  25  26  37  45
  37   4  27  46  36  26
  38   4  39  47  27  28
  39   4  29  48  38  28
  40   4  31  49  29  30
  41   3  42  50  32
  42   3  43  41  33
  43   3  44  42  34
  44   3  45  43  35
  45   3  46  44  36
  46   3  47  45  37
  47   3  48  46  38
  48   3  49  47  39
  49   3  50  48  40
  50   3  41  49  31
  51   4  52  55   2   1
  52   4  53  51  10   9
  53   4  54  52   8   7
  54   4  55  53   6   5
  55   4  51  54   4   3
  55
   1   4   1   2   3   4
   2   4   5   1   4   6
   3   4   7   5   6   8
   4   4   9   7   8  10
   5   4  11   9  10  12
   6   4  13  11  12  14
   7   4  15  13  14  16
   8   4  17  15  16  18
   9   4  19  17  18  20
  10   4   2  19  20   3
  11   4  21  22   2   1
  12   4  23  24   1   5
  13   4  25  23   5   7
  14   4  26  27   7   9
  15   4  28  26   9  11
  16   4  29  30  11  13
  17   4  31  29  13  15
  18   4  32  33  15  17
  19   4  34  32  17  19
  20   4  22  35  19   2
  21   4  36  35  22  21
  22   4  24  37  21   1
  23   4  25  38  24  23
  24   4  27  39  25   7
  25   4  28  40  27  26
  26   4  30  41  28  11
  27   4  31  42  30  29
  28   4  33  43  31  15
  29   4  34  44  33  32
  30   4  35  45  34  19
  31   4  46  45  35  36
  32   4  37  47  36  21
  33   4  38  47  37  24
  34   4  39  48  38  25
  35   4  40  48  39  27
  36   4  28  41  49  40
  37   4  42  49  41  30
  38   4  50  42  31  43
  39   4  44  50  43  33
  40   4  46  44  34  45
  41   3  51  36  47
  42   3  51  47  38
  43   3  51  38  48
  44   3  51  48  40
  45   3  51  40  49
  46   3  51  49  42
  47   3  51  42  50
  48   3  51  50  44
  49   3  51  44  46
  50   3  51  46  36
  51   4  52   6   4   3
  52   4  52   3  20  18
  53   4  52  18  16  14
  54   4  52  14  12  10
  55   4  52  10   8   6
  52
   1   5   1   2  12  22  11
   2   4   1  11  20  10
   3   4   1  10  52  51
   4   3   1  51   2
   5   4   2   3  13  12
   6   4   2  51  55   3
   7   5   3   4  14  24  13
   8   3   3  55   4
   9   4   4   5  15  14
  10   4   4  55  54   5
  11   5   5   6  16  26  15
  12   3   5  54   6
  13   4   6   7  17  16
  14   4   6  54  53   7
  15   5   7   8  18  28  17
  16   3   7  53   8
  17   4   8   9  19  18
  18   4   8  53  52   9
  19   5   9  10  20  30  19
  20   3   9  52  10
  21   4  11  22  32  21
  22   3  11  21  20
  23   3  12  13  23
  24   4  12  23  33  22
  25   4  13  24  34  23
  26   3  14  15  25
  27   4  14  25  35  24
  28   4  15  26  36  25
  29   3  16  17  27
  30   4  16  27  37  26
  31   4  17  28  38  27
  32   3  18  19  29
  33   4  18  29  39  28
  34   4  19  30  40  29
  35   4  20  21  31  30
  36   5  21  32  41  50  31
  37   3  22  33  32
  38   5  23  34  43  42  33
  39   3  24  35  34
  40   5  25  36  45  44  35
  41   3  26  37  36
  42   5  27  38  47  46  37
  43   3  28  39  38
  44   5  29  40  49  48  39
  45   3  30  31  40
  46   4  31  50  49  40
  47   4  32  33  42  41
  48   4  34  35  44  43
  49   4  36  37  46  45
  50   4  38  39  48  47
  51  10  41  42  43  44  45  46  47  48  49  50
  52   5  51  52  53  54  55
  55
   1 -2.11308552818882e-01 -6.50340853646320e-01  5.71020506656722e-01
   2 -5.53212972984412e-01 -4.01932751845523e-01  5.71020506656722e-01
   3 -6.83808840496803e-01 -1.83045978384782e-10  5.71020506656722e-01
   4 -5.53212972876144e-01  4.01932751444251e-01  5.71020506656722e-01
   5 -2.11308552760493e-01  6.50340853114997e-01  5.71020506656722e-01
   6  2.11308552277013e-01  6.50340853077046e-01  5.71020506656722e-01
   7  5.53212972348058e-01  4.01932751344902e-01  5.71020506656722e-01
   8  6.83808839896537e-01 -3.05850058669530e-10  5.71020506656722e-01
   9  5.53212972311971e-01 -4.01932751944875e-01  5.71020506656722e-01
  10  2.11308552218628e-01 -6.50340853646320e-01  5.71020506656722e-01
  11 -2.11308552799907e-01 -8.72523814487377e-01  2.11520924652570e-01
  12 -7.64521525489685e-01 -4.70591062728418e-01  2.11520924644237e-01
  13 -8.95117392964903e-01 -6.86583108487801e-02  2.11520924597651e-01
  14 -6.83808840345494e-01  5.81682542481204e-01  2.11520924630354e-01
  15 -3.41904420292823e-01  8.30090644083212e-01  2.11520924597651e-01
  16  3.41904419895781e-01  8.30090644005454e-01  2.11520924630355e-01
  17  6.83808839881986e-01  5.81682542311967e-01  2.11520924597651e-01
  18  8.95117392353497e-01 -6.86583110660729e-02  2.11520924630354e-01
  19  7.64521524779475e-01 -4.70591062612468e-01  2.11520924597651e-01
  20  2.11308552171911e-01 -8.72523814472791e-01  2.11520924676169e-01
  21 -4.05046121103249e-10 -9.41182124626436e-01 -1.47978657518774e-01
  22 -5.53212973013867e-01 -7.61432334136523e-01 -1.06620359233469e-02
  23 -8.95117392256060e-01 -2.90841270966713e-01 -1.47978657776557e-01
  24 -8.95117392874476e-01  2.90841271201951e-01 -1.06620360553430e-02
  25 -5.53212973245139e-01  7.61432333756450e-01 -1.47978657207191e-01
  26 -1.54136220254483e-10  9.41182124333854e-01 -1.06620360553430e-02
  27  5.53212972522405e-01  7.61432333845441e-01 -1.47978657207191e-01
  28  8.95117392364447e-01  2.90841270924262e-01 -1.06620360553430e-02
  29  8.95117392904378e-01 -2.90841271635035e-01 -1.47978657207191e-01
  30  5.53212972202927e-01 -7.61432333931818e-01 -1.06620360553430e-02
  31  3.41904419537592e-01 -8.30090643649392e-01 -3.70161618098281e-01
  32 -3.41904420606195e-01 -8.30090644279745e-01 -3.70161617920836e-01
  33 -6.83808839834600e-01 -5.81682542300000e-01 -3.70161618069184e-01
  34 -8.95117390178445e-01  6.86583112328505e-02 -3.70161617811975e-01
  35 -7.64521525777039e-01  4.70591062473178e-01 -3.70161618030730e-01
  36 -2.11308553551977e-01  8.72523814894027e-01 -3.70161618124884e-01
  37  2.11308552467765e-01  8.72523814175375e-01 -3.70161618030730e-01
  38  7.64521525710724e-01  4.70591063155540e-01 -3.70161618124884e-01
  39  8.95117392915328e-01  6.86583103602687e-02 -3.70161618030730e-01
  40  6.83808841209596e-01 -5.81682543410057e-01 -3.70161618124884e-01
  41 -2.11308553288313e-01 -6.50340852620801e-01 -7.29661199684099e-01
  42 -5.53212970206877e-01 -4.01932751237420e-01 -7.29661199287532e-01
  43 -6.83808836544361e-01  8.06807800602282e-10 -7.29661199094628e-01
  44 -5.53212973596086e-01  4.01932752657411e-01 -7.29661200486023e-01
  45 -2.11308553827259e-01  6.50340854805525e-01 -7.29661200510273e-01
  46  2.11308553208338e-01  6.50340854136661e-01 -7.29661200486027e-01
  47  5.53212973626209e-01  4.01932752881884e-01 -7.29661200510277e-01
  48  6.83808841192074e-01 -8.64139912691730e-10 -7.29661200486023e-01
  49  5.53212974168684e-01 -4.01932752685503e-01 -7.29661200510273e-01
  50  2.11308551749197e-01 -6.50340852214251e-01 -7.29661199827704e-01
  51 -2.11308552424187e-01 -2.90841271410764e-01  7.93203466969228e-01
  52  2.11308552199649e-01 -2.90841271569127e-01  7.93203467201870e-01
  53  3.41904419754766e-01  1.11091480020927e-01  7.93203467201870e-01
  54 -2.78807431997327e-10  3.59499581709934e-01  7.93203467201871e-01
  55 -3.41904419976515e-01  1.11091480090185e-01  7.93203466914903e-01
