  55
   1   4   2  11  10  46
   2   4   3  12   1  50
   3   4   4  13   2  50
   4   4   5  14   3  49
   5   4   6  15   4  49
   6   4   7  16   5  48
   7   4   8  17   6  48
   8   4   9  18   7  47
   9   4  10  19   8  47
  10   4   1  20   9  46
  11   4  22  21  20   1
  12   4  22   2  13  51
  13   4  12   3  23  52
  14   4  15  45  23   4
  15   4   5  24  45  14
  16   4  17  44  24   6
  17   4  25  44  16   7
  18   3   8  19  25
  19   3   9  26  18
  20   4  11  21  26  10
  21   4  27  33  20  11
  22   4  27  11  12  51
  23   4  13  14  32  52
  24   4  15  16  43  42
  25   3  17  18  38
  26   3  33  19  20
  27   4  28  21  22  55
  28   4  29  34  27  55
  29   4  30  35  28  54
  30   4  31  39  29  54
  31   4  32  40  30  53
  32   4  23  45  31  53
  33   3  34  26  21
  34   3  28  35  33
  35   3  29  36  34
  36   3  39  37  35
  37   3  41  38  36
  38   3  44  25  37
  39   4  40  41  36  30
  40   4  31  42  41  39
  41   4  39  40  43  37
  42   4  45  24  43  40
  43   4  42  24  44  41
  44   4  43  16  17  38
  45   4  14  15  42  32
  46   4  47  50   1  10
  47   4  48  46   9   8
  48   4  49  47   7   6
  49   4  50  48   5   4
  50   4  46  49   3   2
  51   4  52  55  22  12
  52   4  53  51  13  23
  53   4  54  52  32  31
  54   4  55  53  30  29
  55   4  51  54  28  27
  55
   1   4   1   2   3   4
   2   4   5   1   4   6
   3   4   7   5   6   8
   4   4   9   7   8  10
   5   4  11   9  10  12
   6   4  13  11  12  14
   7   4  15  13  14  16
   8   4  17  15  16  18
   9   4  19  17  18  20
  10   4   2  19  20   3
  11   4  21  22   2   1
  12   4   1   5  23  24
  13   4   5   7  25  23
  14   4  26  27   7   9
  15   4  11  28  26   9
  16   4  29  30  11  13
  17   4  31  29  13  15
  18   3  17  32  15
  19   3  19  32  17
  20   4  22  33  19   2
  21   4  34  33  22  21
  22   4  21   1  24  35
  23   4   7  27  36  25
  24   4  11  30  37  28
  25   3  15  32  31
  26   3  32  19  33
  27   4  34  21  35  38
  28   4  39  34  38  40
  29   4  41  39  40  42
  30   4  43  41  42  44
  31   4  45  43  44  46
  32   4  27  45  46  36
  33   3  32  33  34
  34   3  39  32  34
  35   3  41  32  39
  36   3  47  32  41
  37   3  48  32  47
  38   3  31  32  48
  39   4  49  47  41  43
  40   4  45  50  49  43
  41   4  49  50  48  47
  42   4  28  37  50  45
  43   4  37  30  48  50
  44   4  30  29  31  48
  45   4  26  28  45  27
  46   4  51   4   3  20
  47   4  51  20  18  16
  48   4  51  16  14  12
  49   4  51  12  10   8
  50   4  51   8   6   4
  51   4  52  35  24  23
  52   4  52  23  25  36
  53   4  52  36  46  44
  54   4  52  44  42  40
  55   4  52  40  38  35
  52
   1   5   1   2  12  22  11
   2   4   1  11  20  10
   3   3   1  10  46
   4   4   1  46  50   2
   5   4   2   3  13  12
   6   3   2  50   3
   7   5   3   4  14  23  13
   8   4   3  50  49   4
   9   4   4   5  15  14
  10   3   4  49   5
  11   5   5   6  16  24  15
  12   4   5  49  48   6
  13   4   6   7  17  16
  14   3   6  48   7
  15   5   7   8  18  25  17
  16   4   7  48  47   8
  17   4   8   9  19  18
  18   3   8  47   9
  19   5   9  10  20  26  19
  20   4   9  47  46  10
  21   4  11  22  27  21
  22   3  11  21  20
  23   4  12  13  52  51
  24   3  12  51  22
  25   3  13  23  52
  26   3  14  15  45
  27   4  14  45  32  23
  28   4  15  24  42  45
  29   3  16  17  44
  30   4  16  44  43  24
  31   4  17  25  38  44
  32  10  18  19  26  33  34  35  36  37  38  25
  33   4  20  21  33  26
  34   5  21  27  28  34  33
  35   4  22  51  55  27
  36   4  23  32  53  52
  37   3  24  43  42
  38   3  27  55  28
  39   4  28  29  35  34
  40   4  28  55  54  29
  41   5  29  30  39  36  35
  42   3  29  54  30
  43   4  30  31  40  39
  44   4  30  54  53  31
  45   5  31  32  45  42  40
  46   3  31  53  32
  47   4  36  39  41  37
  48   5  37  41  43  44  38
  49   3  39  40  41
  50   4  40  42  43  41
  51   5  46  47  48  49  50
  52   5  51  52  53  54  55
  55
   1 -1.43834635414808e-01 -6.72264459178793e-01  6.14867716569360e-01
   2 -4.85739056025514e-01 -4.23856357054558e-01  6.14867716569360e-01
   3 -6.16334924013710e-01 -2.19236047693933e-02  6.14867716569360e-01
   4 -4.85739056600958e-01  3.80009147504042e-01  6.14867716569360e-01
   5 -1.43834636345897e-01  6.28417249597576e-01  6.14867716569360e-01
   6  2.78782469125086e-01  6.28417249597580e-01  6.14867716569360e-01
   7  6.20686889758095e-01  3.80009147504042e-01  6.14867716569360e-01
   8  7.51282757782383e-01 -2.19236047693933e-02  6.14867716569360e-01
   9  6.20686890405726e-01 -4.23856357054556e-01  6.14867716569360e-01
  10  2.78782470172968e-01 -6.72264459178793e-01  6.14867716569360e-01
  11 -1.43834635395834e-01 -8.94447420309142e-01  2.55368134097123e-01
  12 -6.97047608805920e-01 -4.92514668026849e-01  2.55368134088791e-01
  13 -8.27643476451180e-01 -9.05819156238766e-02  2.55368134042204e-01
  14 -6.16334923556637e-01  5.59758938552881e-01  2.55368134074908e-01
  15 -2.74430503058792e-01  8.08167040478327e-01  2.55368134042204e-01
  16  4.09378338020162e-01  8.08167040400569e-01  2.55368134074908e-01
  17  7.51282758451542e-01  5.59758938383644e-01  2.55368134042204e-01
  18  9.62591311198186e-01 -9.05819158411695e-02  2.55368134074908e-01
  19  8.31995443454123e-01 -4.92514667910899e-01  2.55368134042204e-01
  20  2.78782470126251e-01 -8.94447420294557e-01  2.55368134120723e-01
  21  6.74739172741602e-02 -9.63105730537598e-01 -1.04131448542305e-01
  22 -4.85739056054969e-01 -7.83355939813642e-01  3.31851732319141e-02
  23 -8.27643476407862e-01  2.68917667232534e-01  3.31851731988105e-02
  24  6.74739175250701e-02  9.19258520873615e-01  3.31851730999180e-02
  25  9.62591311209136e-01  2.68917666617250e-01  3.31851730999180e-02
  26  6.20686890602442e-01 -7.83355939608937e-01  3.31851730999180e-02
  27 -2.74430503347971e-01 -8.52014250338339e-01 -3.26314409084075e-01
  28 -1.43834635648759e-01 -6.72264458697931e-01 -6.85813991397384e-01
  29 -1.43834635625389e-01 -3.12764875824546e-01 -9.07996952213318e-01
  30 -2.74430503286789e-01  8.91678765731789e-02 -9.07996952225963e-01
  31 -4.85739055979343e-01  3.80009148279599e-01 -6.85813991430488e-01
  32 -6.97047608692506e-01  4.48667458840237e-01 -3.26314409124988e-01
  33  4.09378337661973e-01 -8.52014249415908e-01 -3.26314409411104e-01
  34  2.78782469703536e-01 -6.72264457746724e-01 -6.85813991608612e-01
  35  2.78782469709778e-01 -3.12764876914588e-01 -9.07996952504455e-01
  36  4.09378337507071e-01  8.91678752316824e-02 -9.07996952659851e-01
  37  6.20686890416059e-01  3.80009146973573e-01 -6.85813991894500e-01
  38  8.31995443386517e-01  4.48667457808751e-01 -3.26314409391998e-01
  39  6.74739158646823e-02  3.37575979353753e-01 -9.07996950993016e-01
  40 -1.43834637198377e-01  6.28417250425166e-01 -6.85813989554085e-01
  41  2.78782469884067e-01  6.28417249151229e-01 -6.85813991987024e-01
  42 -1.43834635186240e-01  8.50600209745264e-01 -3.26314409240976e-01
  43  2.78782470422105e-01  8.50600210625740e-01 -3.26314409343553e-01
  44  6.20686890921919e-01  7.39508730151160e-01 -1.04131448230722e-01
  45 -4.85739056286240e-01  7.39508730062169e-01 -1.04131448230722e-01
  46  6.74739173900333e-02 -3.81423187003651e-01  8.37050677171160e-01
  47  4.09378337381203e-01 -1.33015085250684e-01  8.37050677403801e-01
  48  2.78782469361874e-01  2.68917666965829e-01  8.37050677403801e-01
  49 -1.43834636053435e-01  2.68917666952947e-01  8.37050677403802e-01
  50 -2.74430503158039e-01 -1.33015085033569e-01  8.37050677116835e-01
  51 -7.33143418707933e-01 -5.04242906870689e-01 -1.65541308412694e-01
  52 -8.63739286490611e-01 -1.02310154947331e-01 -1.65541308421675e-01
  53 -7.33143418786988e-01  7.74396366255993e-02 -5.25040890701678e-01
  54 -5.21834866124361e-01 -2.13401635051145e-01 -7.47223851458568e-01
  55 -5.21834866011082e-01 -5.72901217440678e-01 -5.25040890559911e-01
