  55
   1   4   2  11  10  46
   2   4   3  12   1  46
   3   4   4  13   2  50
   4   4   5  14   3  50
   5   4   6  15   4  49
   6   4   7  16   5  49
   7   4   8  17   6  48
   8   4   9  18   7  48
   9   4  10  19   8  47
  10   4   1  20   9  47
  11   4  22  21  20   1
  12   4  22   2  13  51
  13   4  12   3  23  52
  14   4  15  45  23   4
  15   4   5  24  45  14
  16   4  17  44  24   6
  17   4  25  44  16   7
  18   3   8  19  25
  19   3   9  26  18
  20   4  11  21  26  10
  21   4  27  33  20  11
  22   4  27  11  12  51
  23   4  13  14  32  52
  24   4  15  16  43  42
  25   3  17  18  38
  26   3  33  19  20
  27   4  28  21  22  55
  28   4  29  34  27  55
  29   4  30  35  28  54
  30   4  31  39  29  54
  31   4  32  40  30  53
  32   4  23  45  31  53
  33   3  34  26  21
  34   3  28  35  33
  35   3  29  36  34
  36   3  39  37  35
  37   3  41  38  36
  38   3  44  25  37
  39   4  40  41  36  30
  40   4  31  42  41  39
  41   4  39  40  43  37
  42   4  45  24  43  40
  43   4  42  24  44  41
  44   4  43  16  17  38
  45   4  14  15  42  32
  46   4  47  50   2   1
  47   4  48  46  10   9
  48   4  49  47   8   7
  49   4  50  48   6   5
  50   4  46  49   4   3
  51   4  52  55  22  12
  52   4  53  51  13  23
  53   4  54  52  32  31
  54   4  55  53  30  29
  55   4  51  54  28  27
  55
   1   4   1   2   3   4
   2   4   5   1   4   6
   3   4   7   5   6   8
   4   4   9   7   8  10
   5   4  11   9  10  12
   6   4  13  11  12  14
   7   4  15  13  14  16
   8   4  17  15  16  18
   9   4  19  17  18  20
  10   4   2  19  20   3
  11   4  21  22   2   1
  12   4   1   5  23  24
  13   4   5   7  25  23
  14   4  26  27   7   9
  15   4  11  28  26   9
  16   4  29  30  11  13
  17   4  31  29  13  15
  18   3  17  32  15
  19   3  19  32  17
  20   4  22  33  19   2
  21   4  34  33  22  21
  22   4  21   1  24  35
  23   4   7  27  36  25
  24   4  11  30  37  28
  25   3  15  32  31
  26   3  32  19  33
  27   4  34  21  35  38
  28   4  39  34  38  40
  29   4  41  39  40  42
  30   4  43  41  42  44
  31   4  45  43  44  46
  32   4  27  45  46  36
  33   3  32  33  34
  34   3  39  32  34
  35   3  41  32  39
  36   3  47  32  41
  37   3  48  32  47
  38   3  31  32  48
  39   4  49  47  41  43
  40   4  45  50  49  43
  41   4  49  50  48  47
  42   4  28  37  50  45
  43   4  37  30  48  50
  44   4  30  29  31  48
  45   4  26  28  45  27
  46   4  51   6   4   3
  47   4  51   3  20  18
  48   4  51  18  16  14
  49   4  51  14  12  10
  50   4  51  10   8   6
  51   4  52  35  24  23
  52   4  52  23  25  36
  53   4  52  36  46  44
  54   4  52  44  42  40
  55   4  52  40  38  35
  52
   1   5   1   2  12  22  11
   2   4   1  11  20  10
   3   4   1  10  47  46
   4   3   1  46   2
   5   4   2   3  13  12
   6   4   2  46  50   3
   7   5   3   4  14  23  13
   8   3   3  50   4
   9   4   4   5  15  14
  10   4   4  50  49   5
  11   5   5   6  16  24  15
  12   3   5  49   6
  13   4   6   7  17  16
  14   4   6  49  48   7
  15   5   7   8  18  25  17
  16   3   7  48   8
  17   4   8   9  19  18
  18   4   8  48  47   9
  19   5   9  10  20  26  19
  20   3   9  47  10
  21   4  11  22  27  21
  22   3  11  21  20
  23   4  12  13  52  51
  24   3  12  51  22
  25   3  13  23  52
  26   3  14  15  45
  27   4  14  45  32  23
  28   4  15  24  42  45
  29   3  16  17  44
  30   4  16  44  43  24
  31   4  17  25  38  44
  32  10  18  19  26  33  34  35  36  37  38  25
  33   4  20  21  33  26
  34   5  21  27  28  34  33
  35   4  22  51  55  27
  36   4  23  32  53  52
  37   3  24  43  42
  38   3  27  55  28
  39   4  28  29  35  34
  40   4  28  55  54  29
  41   5  29  30  39  36  35
  42   3  29  54  30
  43   4  30  31  40  39
  44   4  30  54  53  31
  45   5  31  32  45  42  40
  46   3  31  53  32
  47   4  36  39  41  37
  48   5  37  41  43  44  38
  49   3  39  40  41
  50   4  40  42  43  41
  51   5  46  47  48  49  50
  52   5  51  52  53  54  55
  55
   1 -1.43834635575421e-01 -6.72264459213423e-01  6.14867716648656e-01
   2 -4.85739056230220e-01 -4.23856357057152e-01  6.14867716648656e-01
   3 -6.16334923929495e-01 -2.19236048195060e-02  6.14867716648656e-01
   4 -4.85739056121952e-01  3.80009147382960e-01  6.14867716648656e-01
   5 -1.43834635517032e-01  6.28417249409181e-01  6.14867716648656e-01
   6  2.78782470125242e-01  6.28417249371229e-01  6.14867716648656e-01
   7  6.20686890685556e-01  3.80009147283611e-01  6.14867716648656e-01
   8  7.51282758420919e-01 -2.19236049423101e-02  6.14867716648656e-01
   9  6.20686890649469e-01 -4.23856357156505e-01  6.14867716648656e-01
  10  2.78782470066857e-01 -6.72264459213423e-01  6.14867716648656e-01
  11 -1.43834635556447e-01 -8.94447420372426e-01  2.55368134130056e-01
  12 -6.97047609037877e-01 -4.92514668038298e-01  2.55368134121724e-01
  13 -8.27643476699979e-01 -9.05819155834908e-02  2.55368134075137e-01
  14 -6.16334923778185e-01  5.59758938677137e-01  2.55368134107841e-01
  15 -2.74430503236246e-01  8.08167040634619e-01  2.55368134075137e-01
  16  4.09378337930894e-01  8.08167040556862e-01  2.55368134107842e-01
  17  7.51282758406368e-01  5.59758938507900e-01  2.55368134075137e-01
  18  9.62591311180263e-01 -9.05819158007837e-02  2.55368134107841e-01
  19  8.31995443419357e-01 -4.92514667922348e-01  2.55368134075137e-01
  20  2.78782470020141e-01 -8.94447420357841e-01  2.55368134153656e-01
  21  6.74739171407989e-02 -9.63105730609737e-01 -1.04131448555734e-01
  22 -4.85739056259675e-01 -7.83355939862600e-01  3.31851732361940e-02
  23 -8.27643476656661e-01  2.68917667319282e-01  3.31851732030904e-02
  24  6.74739173917088e-02  9.19258521044234e-01  3.31851731041979e-02
  25  9.62591311191213e-01  2.68917666703998e-01  3.31851731041979e-02
  26  6.20686890540425e-01 -7.83355939657894e-01  3.31851731041979e-02
  27 -2.74430503525425e-01 -8.52014250396151e-01 -3.26314409126157e-01
  28 -1.43834635809371e-01 -6.72264458732561e-01 -6.85813991485829e-01
  29 -1.43834635786002e-01 -3.12764875812814e-01 -9.07996952330417e-01
  30 -2.74430503464244e-01  8.91678766367460e-02 -9.07996952343062e-01
  31 -4.85739056184049e-01  3.80009148380675e-01 -6.85813991518933e-01
  32 -6.97047608924464e-01  4.48667458950167e-01 -3.26314409167071e-01
  33  4.09378337572705e-01 -8.52014249473720e-01 -3.26314409453187e-01
  34  2.78782469597426e-01 -6.72264457781355e-01 -6.85813991697058e-01
  35  2.78782469603668e-01 -3.12764876902856e-01 -9.07996952621554e-01
  36  4.09378337417803e-01  8.91678752952494e-02 -9.07996952776950e-01
  37  6.20686890354042e-01  3.80009147074648e-01 -6.85813991982945e-01
  38  8.31995443351751e-01  4.48667457918681e-01 -3.26314409434080e-01
  39  6.74739157313210e-02  3.37575979449356e-01 -9.07996951110115e-01
  40 -1.43834637358989e-01  6.28417250558277e-01 -6.85813989642530e-01
  41  2.78782469777957e-01  6.28417249284339e-01 -6.85813992075469e-01
  42 -1.43834635346853e-01  8.50600209907028e-01 -3.26314409283058e-01
  43  2.78782470315994e-01  8.50600210787504e-01 -3.26314409385636e-01
  44  6.20686890859902e-01  7.39508730298597e-01 -1.04131448244151e-01
  45 -4.85739056490946e-01  7.39508730209607e-01 -1.04131448244151e-01
  46 -1.43834635180726e-01 -3.12764876463420e-01  8.37050677279108e-01
  47  2.78782470047878e-01 -3.12764876621784e-01  8.37050677511749e-01
  48  4.09378337789880e-01  8.91678755434398e-02  8.37050677511749e-01
  49  6.74739172670375e-02  3.37575977587922e-01  8.37050677511750e-01
  50 -2.74430502919939e-01  8.91678756126983e-02  8.37050677224783e-01
  51 -7.33143418944545e-01 -5.04242906883651e-01 -1.65541308434043e-01
  52 -8.63739286744066e-01 -1.02310154908458e-01 -1.65541308443023e-01
  53 -7.33143419023600e-01  7.74396366876538e-02 -5.25040890769389e-01
  54 -5.21834866333722e-01 -2.13401635026598e-01 -7.47223851554933e-01
  55 -5.21834866220444e-01 -5.72901217462494e-01 -5.25040890627622e-01
