  50
   1   3   2  11  10
   2   3   3  12   1
   3   3   4  13   2
   4   3   5  14   3
   5   3   6  15   4
   6   3   7  16   5
   7   3   8  17   6
   8   3   9  18   7
   9   3  10  19   8
  10   3  20   9   1
  11   4  22  21  20   1
  12   4  13  23  22   2
  13   4  24  23  12   3
  14   4  15  25  24   4
  15   4  26  25  14   5
  16   4  17  27  26   6
  17   4  28  27  16   7
  18   4  19  29  28   8
  19   4  30  29  18   9
  20   4  11  21  30  10
  21   4  32  31  20  11
  22   4  12  33  32  11
  23   4  13  34  33  12
  24   4  14  35  34  13
  25   4  15  36  35  14
  26   4  16  37  36  15
  27   4  17  38  37  16
  28   4  18  39  38  17
  29   4  19  40  39  18
  30   4  20  31  40  19
  31   4  50  40  30  21
  32   4  22  33  41  21
  33   4  23  42  32  22
  34   4  24  35  43  23
  35   4  25  44  34  24
  36   4  25  26  37  45
  37   4  27  46  36  26
  38   4  39  47  27  28
  39   4  29  48  38  28
  40   4  31  49  29  30
  41   3  42  50  32
  42   3  43  41  33
  43   3  44  42  34
  44   3  45  43  35
  45   3  46  44  36
  46   3  47  45  37
  47   3  48  46  38
  48   3  49  47  39
  49   3  50  48  40
  50   3  41  49  31
  50
   1   3   1   2   3
   2   3   4   1   3
   3   3   5   4   3
   4   3   6   5   3
   5   3   7   6   3
   6   3   8   7   3
   7   3   9   8   3
   8   3  10   9   3
   9   3  11  10   3
  10   3  11   3   2
  11   4  12  13   2   1
  12   4  14  15   1   4
  13   4  16  14   4   5
  14   4  17  18   5   6
  15   4  19  17   6   7
  16   4  20  21   7   8
  17   4  22  20   8   9
  18   4  23  24   9  10
  19   4  25  23  10  11
  20   4  13  26  11   2
  21   4  27  26  13  12
  22   4  15  28  12   1
  23   4  16  29  15  14
  24   4  18  30  16   5
  25   4  19  31  18  17
  26   4  21  32  19   7
  27   4  22  33  21  20
  28   4  24  34  22   9
  29   4  25  35  24  23
  30   4  26  36  25  11
  31   4  37  36  26  27
  32   4  28  38  27  12
  33   4  29  38  28  15
  34   4  30  39  29  16
  35   4  31  39  30  18
  36   4  19  32  40  31
  37   4  33  40  32  21
  38   4  41  33  22  34
  39   4  35  41  34  24
  40   4  37  35  25  36
  41   3  42  27  38
  42   3  42  38  29
  43   3  42  29  39
  44   3  42  39  31
  45   3  42  31  40
  46   3  42  40  33
  47   3  42  33  41
  48   3  42  41  35
  49   3  42  35  37
  50   3  42  37  27
  42
   1   5   1   2  12  22  11
   2   4   1  11  20  10
   3  10   1  10   9   8   7   6   5   4   3   2
   4   4   2   3  13  12
   5   5   3   4  14  24  13
   6   4   4   5  15  14
   7   5   5   6  16  26  15
   8   4   6   7  17  16
   9   5   7   8  18  28  17
  10   4   8   9  19  18
  11   5   9  10  20  30  19
  12   4  11  22  32  21
  13   3  11  21  20
  14   3  12  13  23
  15   4  12  23  33  22
  16   4  13  24  34  23
  17   3  14  15  25
  18   4  14  25  35  24
  19   4  15  26  36  25
  20   3  16  17  27
  21   4  16  27  37  26
  22   4  17  28  38  27
  23   3  18  19  29
  24   4  18  29  39  28
  25   4  19  30  40  29
  26   4  20  21  31  30
  27   5  21  32  41  50  31
  28   3  22  33  32
  29   5  23  34  43  42  33
  30   3  24  35  34
  31   5  25  36  45  44  35
  32   3  26  37  36
  33   5  27  38  47  46  37
  34   3  28  39  38
  35   5  29  40  49  48  39
  36   3  30  31  40
  37   4  31  50  49  40
  38   4  32  33  42  41
  39   4  34  35  44  43
  40   4  36  37  46  45
  41   4  38  39  48  47
  42  10  41  42  43  44  45  46  47  48  49  50
  50
   1 -2.23918979731715e-01 -6.89151756892442e-01  6.89151756571381e-01
   2 -5.86227499205583e-01 -4.25919209196254e-01  6.89151756571381e-01
   3 -7.24617039138734e-01 -2.18526068262738e-10  6.89151756571381e-01
   4 -5.86227499090849e-01  4.25919208721918e-01  6.89151756571381e-01
   5 -2.23918979669834e-01  6.89151756280295e-01  6.89151756571381e-01
   6  2.23918979126785e-01  6.89151756240083e-01  6.89151756571381e-01
   7  5.86227498500526e-01  4.25919208616640e-01  6.89151756571381e-01
   8  7.24617038471922e-01 -3.48658824346372e-10  6.89151756571381e-01
   9  5.86227498462280e-01 -4.25919209301533e-01  6.89151756571381e-01
  10  2.23918979064903e-01 -6.89151756892442e-01  6.89151756571381e-01
  11 -2.23918979711609e-01 -9.24594105241350e-01  3.08198034930872e-01
  12 -8.10146478589606e-01 -4.98674896161386e-01  3.08198034922043e-01
  13 -9.48536018483369e-01 -7.27556869535419e-02  3.08198034872676e-01
  14 -7.24617038978399e-01  6.16396069579126e-01  3.08198034907331e-01
  15 -3.62308519624126e-01  8.79628617064662e-01  3.08198034872676e-01
  16  3.62308519172652e-01  8.79628616982264e-01  3.08198034907332e-01
  17  7.24617038456494e-01  6.16396069399790e-01  3.08198034872676e-01
  18  9.48536017804739e-01 -7.27556871838023e-02  3.08198034907331e-01
  19  8.10146477806275e-01 -4.98674896038517e-01  3.08198034872676e-01
  20  2.23918979015398e-01 -9.24594105225894e-01  3.08198034955881e-01
  21 -4.44586780104862e-10 -9.97349791418255e-01 -7.27556868868044e-02
  22 -5.86227499236796e-01 -8.06872931140729e-01  7.27556868629291e-02
  23 -9.48536017732224e-01 -3.08198034536171e-01 -7.27556871599721e-02
  24 -9.48536018387546e-01  3.08198034736325e-01  7.27556867230558e-02
  25 -5.86227499481869e-01  8.06872930688853e-01 -7.27556865566269e-02
  26 -1.78703131528925e-10  9.97349791059091e-01  7.27556867230558e-02
  27  5.86227498685268e-01  8.06872930783154e-01 -7.27556865566269e-02
  28  9.48536017816342e-01  3.08198034442064e-01  7.27556867230558e-02
  29  9.48536018388496e-01 -3.08198035244376e-01 -7.27556865566269e-02
  30  5.86227498346724e-01 -8.06872930923807e-01  7.27556867230558e-02
  31  3.62308518793087e-01 -8.79628616654075e-01 -3.08198034958553e-01
  32 -3.62308519956199e-01 -8.79628617322045e-01 -3.08198034770519e-01
  33 -7.24617038437017e-01 -6.16396069436230e-01 -3.08198034927719e-01
  34 -9.48536015530622e-01  7.27556873114111e-02 -3.08198034655160e-01
  35 -8.10146478894109e-01  4.98674895841792e-01 -3.08198034886970e-01
  36 -2.23918980508560e-01  9.24594105623146e-01 -3.08198034986744e-01
  37  2.23918979328908e-01  9.24594104861607e-01 -3.08198034886970e-01
  38  8.10146478793100e-01  4.98674896564876e-01 -3.08198034986744e-01
  39  9.48536018400099e-01  7.27556863867557e-02 -3.08198034886970e-01
  40  7.24617039863332e-01 -6.16396070612532e-01 -3.08198034986744e-01
  41 -2.23918980229161e-01 -6.89151755805724e-01 -6.89151756155762e-01
  42 -5.86227496262291e-01 -4.25919208551861e-01 -6.89151755735528e-01
  43 -7.24617034950424e-01  8.30395519334311e-10 -6.89151755531113e-01
  44 -5.86227499853761e-01  4.25919210007473e-01 -6.89151757005543e-01
  45 -2.23918980800270e-01  6.89151758071705e-01 -6.89151757031240e-01
  46  2.23918980113677e-01  6.89151757362925e-01 -6.89151757005548e-01
  47  5.86227499854944e-01  4.25919210245342e-01 -6.89151757031245e-01
  48  7.24617039844765e-01 -9.40270656401878e-10 -6.89151757005543e-01
  49  5.86227500429793e-01 -4.25919210086363e-01 -6.89151757031240e-01
  50  2.23918978567457e-01 -6.89151755374911e-01 -6.89151756307937e-01
