  50
   1   4   2  11  10  46
   2   4   3  12   1  50
   3   4   4  13   2  50
   4   4   5  14   3  49
   5   4   6  15   4  49
   6   4   7  16   5  48
   7   4   8  17   6  48
   8   4   9  18   7  47
   9   4  10  19   8  47
  10   4   1  20   9  46
  11   4  22  21  20   1
  12   3  13  22   2
  13   3  23  12   3
  14   4  15  45  23   4
  15   4   5  24  45  14
  16   4  17  44  24   6
  17   4  25  44  16   7
  18   3   8  19  25
  19   3   9  26  18
  20   4  11  21  26  10
  21   4  27  33  20  11
  22   3  12  27  11
  23   3  14  32  13
  24   4  15  16  43  42
  25   3  17  18  38
  26   3  33  19  20
  27   3  28  21  22
  28   3  29  34  27
  29   3  30  35  28
  30   3  31  39  29
  31   3  32  40  30
  32   3  23  45  31
  33   3  34  26  21
  34   3  28  35  33
  35   3  29  36  34
  36   3  39  37  35
  37   3  41  38  36
  38   3  44  25  37
  39   4  40  41  36  30
  40   4  31  42  41  39
  41   4  39  40  43  37
  42   4  45  24  43  40
  43   4  42  24  44  41
  44   4  43  16  17  38
  45   4  14  15  42  32
  46   4  47  50   1  10
  47   4  48  46   9   8
  48   4  49  47   7   6
  49   4  50  48   5   4
  50   4  46  49   3   2
  50
   1   4   1   2   3   4
   2   4   5   1   4   6
   3   4   7   5   6   8
   4   4   9   7   8  10
   5   4  11   9  10  12
   6   4  13  11  12  14
   7   4  15  13  14  16
   8   4  17  15  16  18
   9   4  19  17  18  20
  10   4   2  19  20   3
  11   4  21  22   2   1
  12   3  23   1   5
  13   3  23   5   7
  14   4  24  25   7   9
  15   4  11  26  24   9
  16   4  27  28  11  13
  17   4  29  27  13  15
  18   3  17  30  15
  19   3  19  30  17
  20   4  22  31  19   2
  21   4  32  31  22  21
  22   3  23  21   1
  23   3  25  23   7
  24   4  11  28  33  26
  25   3  15  30  29
  26   3  30  19  31
  27   3  32  21  23
  28   3  34  32  23
  29   3  35  34  23
  30   3  36  35  23
  31   3  37  36  23
  32   3  25  37  23
  33   3  30  31  32
  34   3  34  30  32
  35   3  35  30  34
  36   3  38  30  35
  37   3  39  30  38
  38   3  29  30  39
  39   4  40  38  35  36
  40   4  37  41  40  36
  41   4  40  41  39  38
  42   4  26  33  41  37
  43   4  33  28  39  41
  44   4  28  27  29  39
  45   4  24  26  37  25
  46   4  42   4   3  20
  47   4  42  20  18  16
  48   4  42  16  14  12
  49   4  42  12  10   8
  50   4  42   8   6   4
  42
   1   5   1   2  12  22  11
   2   4   1  11  20  10
   3   3   1  10  46
   4   4   1  46  50   2
   5   4   2   3  13  12
   6   3   2  50   3
   7   5   3   4  14  23  13
   8   4   3  50  49   4
   9   4   4   5  15  14
  10   3   4  49   5
  11   5   5   6  16  24  15
  12   4   5  49  48   6
  13   4   6   7  17  16
  14   3   6  48   7
  15   5   7   8  18  25  17
  16   4   7  48  47   8
  17   4   8   9  19  18
  18   3   8  47   9
  19   5   9  10  20  26  19
  20   4   9  47  46  10
  21   4  11  22  27  21
  22   3  11  21  20
  23  10  12  13  23  32  31  30  29  28  27  22
  24   3  14  15  45
  25   4  14  45  32  23
  26   4  15  24  42  45
  27   3  16  17  44
  28   4  16  44  43  24
  29   4  17  25  38  44
  30  10  18  19  26  33  34  35  36  37  38  25
  31   4  20  21  33  26
  32   5  21  27  28  34  33
  33   3  24  43  42
  34   4  28  29  35  34
  35   5  29  30  39  36  35
  36   4  30  31  40  39
  37   5  31  32  45  42  40
  38   4  36  39  41  37
  39   5  37  41  43  44  38
  40   3  39  40  41
  41   4  40  42  43  41
  42   5  46  47  48  49  50
  50
   1 -2.04932371871916e-01 -6.77493532734374e-01  5.55030949402645e-01
   2 -5.36519915555524e-01 -4.36581080455005e-01  5.55030949402645e-01
   3 -6.63175087208717e-01 -4.67765443856143e-02  5.55030949402645e-01
   4 -5.36519916113604e-01  3.43027991672401e-01  5.55030949402645e-01
   5 -2.04932372774908e-01  5.83940443921995e-01  5.55030949402645e-01
   6  2.04932371505065e-01  5.83940443921999e-01  5.55030949402645e-01
   7  5.36519915210304e-01  3.43027991672401e-01  5.55030949402645e-01
   8  6.63175086898501e-01 -4.67765443856143e-02  5.55030949402645e-01
   9  5.36519915838393e-01 -4.36581080455002e-01  5.55030949402645e-01
  10  2.04932372521327e-01 -6.77493532734374e-01  5.55030949402645e-01
  11 -2.04932371853514e-01 -8.92972180825466e-01  2.06379173288350e-01
  12 -7.41452287739070e-01 -5.03167644758860e-01  2.06379173280269e-01
  13 -8.68107459059675e-01 -1.13363108575217e-01  2.06379173235088e-01
  14 -6.63175086765436e-01  5.17353879547920e-01  2.06379173266805e-01
  15 -3.31587543191283e-01  7.58266331634498e-01  2.06379173235088e-01
  16  3.31587544037774e-01  7.58266331559087e-01  2.06379173266805e-01
  17  6.63175087547468e-01  5.17353879383790e-01  2.06379173235088e-01
  18  8.68107459698271e-01 -1.13363108785953e-01  2.06379173266805e-01
  19  7.41452288281843e-01 -5.03167644646409e-01  2.06379173235088e-01
  20  2.04932372476020e-01 -8.92972180811321e-01  2.06379173311237e-01
  21  2.22952387723639e-10 -9.59558744407932e-01 -1.42272602988092e-01
  22 -5.36519915584089e-01 -7.85232856847492e-01 -9.09947454560291e-03
  23 -8.68107458971976e-01  2.35288667584251e-01 -9.09947467361603e-03
  24  4.66291147918841e-10  8.66005655515285e-01 -9.09947467361603e-03
  25  8.68107459708890e-01  2.35288667314942e-01 -9.09947467361603e-03
  26  5.36519916029172e-01 -7.85232856648964e-01 -9.09947467361603e-03
  27 -3.31587543495199e-01 -8.51819420433995e-01 -3.57751250653437e-01
  28 -2.04932372327182e-01 -6.77493531739800e-01 -7.06403026534111e-01
  29 -2.04932372717398e-01 -3.28841755281291e-01 -9.21881673860305e-01
  30 -3.31587544528882e-01  6.09627806694797e-02 -9.21881673240278e-01
  31 -5.36519916947709e-01  3.43027992123399e-01 -7.06403024834488e-01
  32 -7.41452288017753e-01  4.09614555902429e-01 -3.57751250760014e-01
  33  3.31587543690393e-01 -8.51819419822663e-01 -3.57751250825527e-01
  34  2.04932372066061e-01 -6.77493531345518e-01 -7.06403026673383e-01
  35  2.04932372072115e-01 -3.28841756821833e-01 -9.21881674537045e-01
  36  3.31587543540166e-01  6.09627791128544e-02 -9.21881674687753e-01
  37  5.36519915848414e-01  3.43027991157938e-01 -7.06403026950645e-01
  38  7.41452288216277e-01  4.09614555328819e-01 -3.57751250806997e-01
  39 -1.14399488230083e-09  3.01875233329775e-01 -9.21881673071213e-01
  40 -2.04932373601665e-01  5.83940444724612e-01 -7.06403024680850e-01
  41  2.04932372241144e-01  5.83940443489116e-01 -7.06403027040376e-01
  42 -2.04932371650245e-01  7.99419091060077e-01 -3.57751250660532e-01
  43  2.04932372762947e-01  7.99419091913985e-01 -3.57751250760014e-01
  44  5.36519916339010e-01  6.91679767956300e-01 -1.42272602685911e-01
  45 -5.36519915808383e-01  6.91679767869995e-01 -1.42272602685911e-01
  46  3.35329131023137e-10 -3.95428320269112e-01  7.70509596981137e-01
  47  3.31587543418096e-01 -1.54515868349808e-01  7.70509597206759e-01
  48  2.04932371734709e-01  2.35288667653002e-01  7.70509597206759e-01
  49 -2.04932372491272e-01  2.35288667640509e-01  7.70509597206760e-01
  50 -3.31587543287536e-01 -1.54515868139244e-01  7.70509596928451e-01
