  50
   1   4   2  11  10  46
   2   4   3  12   1  46
   3   4   4  13   2  50
   4   4   5  14   3  50
   5   4   6  15   4  49
   6   4   7  16   5  49
   7   4   8  17   6  48
   8   4   9  18   7  48
   9   4  10  19   8  47
  10   4   1  20   9  47
  11   4  22  21  20   1
  12   3  13  22   2
  13   3  23  12   3
  14   4  15  45  23   4
  15   4   5  24  45  14
  16   4  17  44  24   6
  17   4  25  44  16   7
  18   3   8  19  25
  19   3   9  26  18
  20   4  11  21  26  10
  21   4  27  33  20  11
  22   3  12  27  11
  23   3  14  32  13
  24   4  15  16  43  42
  25   3  17  18  38
  26   3  33  19  20
  27   3  28  21  22
  28   3  29  34  27
  29   3  30  35  28
  30   3  31  39  29
  31   3  32  40  30
  32   3  23  45  31
  33   3  34  26  21
  34   3  28  35  33
  35   3  29  36  34
  36   3  39  37  35
  37   3  41  38  36
  38   3  44  25  37
  39   4  40  41  36  30
  40   4  31  42  41  39
  41   4  39  40  43  37
  42   4  45  24  43  40
  43   4  42  24  44  41
  44   4  43  16  17  38
  45   4  14  15  42  32
  46   4  47  50   2   1
  47   4  48  46  10   9
  48   4  49  47   8   7
  49   4  50  48   6   5
  50   4  46  49   4   3
  50
   1   4   1   2   3   4
   2   4   5   1   4   6
   3   4   7   5   6   8
   4   4   9   7   8  10
   5   4  11   9  10  12
   6   4  13  11  12  14
   7   4  15  13  14  16
   8   4  17  15  16  18
   9   4  19  17  18  20
  10   4   2  19  20   3
  11   4  21  22   2   1
  12   3  23   1   5
  13   3  23   5   7
  14   4  24  25   7   9
  15   4  11  26  24   9
  16   4  27  28  11  13
  17   4  29  27  13  15
  18   3  17  30  15
  19   3  19  30  17
  20   4  22  31  19   2
  21   4  32  31  22  21
  22   3  23  21   1
  23   3  25  23   7
  24   4  11  28  33  26
  25   3  15  30  29
  26   3  30  19  31
  27   3  32  21  23
  28   3  34  32  23
  29   3  35  34  23
  30   3  36  35  23
  31   3  37  36  23
  32   3  25  37  23
  33   3  30  31  32
  34   3  34  30  32
  35   3  35  30  34
  36   3  38  30  35
  37   3  39  30  38
  38   3  29  30  39
  39   4  40  38  35  36
  40   4  37  41  40  36
  41   4  40  41  39  38
  42   4  26  33  41  37
  43   4  33  28  39  41
  44   4  28  27  29  39
  45   4  24  26  37  25
  46   4  42   6   4   3
  47   4  42   3  20  18
  48   4  42  18  16  14
  49   4  42  14  12  10
  50   4  42  10   8   6
  42
   1   5   1   2  12  22  11
   2   4   1  11  20  10
   3   4   1  10  47  46
   4   3   1  46   2
   5   4   2   3  13  12
   6   4   2  46  50   3
   7   5   3   4  14  23  13
   8   3   3  50   4
   9   4   4   5  15  14
  10   4   4  50  49   5
  11   5   5   6  16  24  15
  12   3   5  49   6
  13   4   6   7  17  16
  14   4   6  49  48   7
  15   5   7   8  18  25  17
  16   3   7  48   8
  17   4   8   9  19  18
  18   4   8  48  47   9
  19   5   9  10  20  26  19
  20   3   9  47  10
  21   4  11  22  27  21
  22   3  11  21  20
  23  10  12  13  23  32  31  30  29  28  27  22
  24   3  14  15  45
  25   4  14  45  32  23
  26   4  15  24  42  45
  27   3  16  17  44
  28   4  16  44  43  24
  29   4  17  25  38  44
  30  10  18  19  26  33  34  35  36  37  38  25
  31   4  20  21  33  26
  32   5  21  27  28  34  33
  33   3  24  43  42
  34   4  28  29  35  34
  35   5  29  30  39  36  35
  36   4  30  31  40  39
  37   5  31  32  45  42  40
  38   4  36  39  41  37
  39   5  37  41  43  44  38
  40   3  39  40  41
  41   4  40  42  43  41
  42   5  46  47  48  49  50
  50
   1 -2.04932372033578e-01 -6.77493532712244e-01  5.55030949430022e-01
   2 -5.36519915733541e-01 -4.36581080420992e-01  5.55030949430022e-01
   3 -6.63175087096445e-01 -4.67765444287305e-02  5.55030949430022e-01
   4 -5.36519915628540e-01  3.43027991529413e-01  5.55030949430022e-01
   5 -2.04932371976951e-01  5.83940443694539e-01  5.55030949430022e-01
   6  2.04932372436504e-01  5.83940443657733e-01  5.55030949430022e-01
   7  5.36519916044834e-01  3.43027991433062e-01  5.55030949430022e-01
   8  6.63175087442736e-01 -4.67765445478290e-02  5.55030949430022e-01
   9  5.36519916009835e-01 -4.36581080517347e-01  5.55030949430022e-01
  10  2.04932372379882e-01 -6.77493532712244e-01  5.55030949430022e-01
  11 -2.04932372015176e-01 -8.92972180813965e-01  2.06379173298529e-01
  12 -7.41452287927195e-01 -5.03167644728132e-01  2.06379173290448e-01
  13 -8.68107459254048e-01 -1.13363108525263e-01  2.06379173245267e-01
  14 -6.63175086949701e-01  5.17353879628984e-01  2.06379173276984e-01
  15 -3.31587543359192e-01  7.58266331727446e-01  2.06379173245267e-01
  16  3.31587543902576e-01  7.58266331652034e-01  2.06379173276985e-01
  17  6.63175087428625e-01  5.17353879464854e-01  2.06379173245267e-01
  18  8.68107459589536e-01 -1.13363108735999e-01  2.06379173276984e-01
  19  7.41452288166861e-01 -5.03167644615682e-01  2.06379173245267e-01
  20  2.04932372334574e-01 -8.92972180799820e-01  2.06379173321417e-01
  21  7.13984789674949e-11 -9.59558744399715e-01 -1.42272602995109e-01
  22 -5.36519915762107e-01 -7.85232856830677e-01 -9.09947454605164e-03
  23 -8.68107459166349e-01  2.35288667651403e-01 -9.09947467406477e-03
  24  3.14737239174699e-10  8.66005655613546e-01 -9.09947467406477e-03
  25  8.68107459600155e-01  2.35288667382093e-01 -9.09947467406477e-03
  26  5.36519915904082e-01 -7.85232856632149e-01 -9.09947467406477e-03
  27 -3.31587543663108e-01 -8.51819420420464e-01 -3.57751250671083e-01
  28 -2.04932372488844e-01 -6.77493531717671e-01 -7.06403026568954e-01
  29 -2.04932372879060e-01 -3.28841755241965e-01 -9.21881673905776e-01
  30 -3.31587544696791e-01  6.09627807280328e-02 -9.21881673285749e-01
  31 -5.36519917125726e-01  3.43027992195865e-01 -7.06403024869331e-01
  32 -7.41452288205879e-01  4.09614555978179e-01 -3.57751250777660e-01
  33  3.31587543555195e-01 -8.51819419809132e-01 -3.57751250843172e-01
  34  2.04932371924615e-01 -6.77493531323388e-01 -7.06403026708226e-01
  35  2.04932371930669e-01 -3.28841756782507e-01 -9.21881674582516e-01
  36  3.31587543404967e-01  6.09627791714075e-02 -9.21881674733224e-01
  37  5.36519915723323e-01  3.43027991230404e-01 -7.06403026985487e-01
  38  7.41452288101295e-01  4.09614555404569e-01 -3.57751250824642e-01
  39 -1.29554879112440e-09  3.01875233400211e-01 -9.21881673116684e-01
  40 -2.04932373763327e-01  5.83940444808961e-01 -7.06403024715693e-01
  41  2.04932372099698e-01  5.83940443573465e-01 -7.06403027075219e-01
  42 -2.04932371811907e-01  7.99419091155054e-01 -3.57751250678177e-01
  43  2.04932372621501e-01  7.99419092008962e-01 -3.57751250777660e-01
  44  5.36519916213919e-01  6.91679768045963e-01 -1.42272602692928e-01
  45 -5.36519915986400e-01  6.91679767959658e-01 -1.42272602692928e-01
  46 -2.04932371650793e-01 -3.28841756356331e-01  7.70509597019141e-01
  47  2.04932372361475e-01 -3.28841756509916e-01  7.70509597244762e-01
  48  3.31587543765816e-01  6.09627794121088e-02  7.70509597244762e-01
  49  1.93827948642880e-10  3.01875231594945e-01  7.70509597244763e-01
  50 -3.31587543052429e-01  6.09627794792774e-02  7.70509596966454e-01
