  45
   1   3   2  11  10
   2   3   3  12   1
   3   3   4  13   2
   4   3   5  14   3
   5   3   6  15   4
   6   3   7  16   5
   7   3   8  17   6
   8   3   9  18   7
   9   3  10  19   8
  10   3   1  20   9
  11   4  22  21  20   1
  12   3  13  22   2
  13   3  23  12   3
  14   4  15  45  23   4
  15   4   5  24  45  14
  16   4  17  44  24   6
  17   4  25  44  16   7
  18   3   8  19  25
  19   3   9  26  18
  20   4  11  21  26  10
  21   4  27  33  20  11
  22   3  12  27  11
  23   3  14  32  13
  24   4  15  16  43  42
  25   3  17  18  38
  26   3  33  19  20
  27   3  28  21  22
  28   3  29  34  27
  29   3  30  35  28
  30   3  31  39  29
  31   3  32  40  30
  32   3  23  45  31
  33   3  34  26  21
  34   3  28  35  33
  35   3  29  36  34
  36   3  39  37  35
  37   3  41  38  36
  38   3  44  25  37
  39   4  40  41  36  30
  40   4  31  42  41  39
  41   4  39  40  43  37
  42   4  45  24  43  40
  43   4  42  24  44  41
  44   4  43  16  17  38
  45   4  14  15  42  32
  45
   1   3   1   2   3
   2   3   4   1   3
   3   3   5   4   3
   4   3   6   5   3
   5   3   7   6   3
   6   3   8   7   3
   7   3   9   8   3
   8   3  10   9   3
   9   3  11  10   3
  10   3   2  11   3
  11   4  12  13   2   1
  12   3  14   1   4
  13   3  14   4   5
  14   4  15  16   5   6
  15   4   7  17  15   6
  16   4  18  19   7   8
  17   4  20  18   8   9
  18   3  10  21   9
  19   3  11  21  10
  20   4  13  22  11   2
  21   4  23  22  13  12
  22   3  14  12   1
  23   3  16  14   5
  24   4   7  19  24  17
  25   3   9  21  20
  26   3  21  11  22
  27   3  23  12  14
  28   3  25  23  14
  29   3  26  25  14
  30   3  27  26  14
  31   3  28  27  14
  32   3  16  28  14
  33   3  21  22  23
  34   3  25  21  23
  35   3  26  21  25
  36   3  29  21  26
  37   3  30  21  29
  38   3  20  21  30
  39   4  31  29  26  27
  40   4  28  32  31  27
  41   4  31  32  30  29
  42   4  17  24  32  28
  43   4  24  19  30  32
  44   4  19  18  20  30
  45   4  15  17  28  16
  32
   1   5   1   2  12  22  11
   2   4   1  11  20  10
   3  10   1  10   9   8   7   6   5   4   3   2
   4   4   2   3  13  12
   5   5   3   4  14  23  13
   6   4   4   5  15  14
   7   5   5   6  16  24  15
   8   4   6   7  17  16
   9   5   7   8  18  25  17
  10   4   8   9  19  18
  11   5   9  10  20  26  19
  12   4  11  22  27  21
  13   3  11  21  20
  14  10  12  13  23  32  31  30  29  28  27  22
  15   3  14  15  45
  16   4  14  45  32  23
  17   4  15  24  42  45
  18   3  16  17  44
  19   4  16  44  43  24
  20   4  17  25  38  44
  21  10  18  19  26  33  34  35  36  37  38  25
  22   4  20  21  33  26
  23   5  21  27  28  34  33
  24   3  24  43  42
  25   4  28  29  35  34
  26   5  29  30  39  36  35
  27   4  30  31  40  39
  28   5  31  32  45  42  40
  29   4  36  39  41  37
  30   5  37  41  43  44  38
  31   3  39  40  41
  32   4  40  42  43  41
  45
   1 -2.12053434101097e-01 -7.06413310849498e-01  6.62904419473374e-01
   2 -5.55163098334814e-01 -4.57129547976405e-01  6.62904419473374e-01
   3 -6.86219328116203e-01 -5.37799469367881e-02  6.62904419473374e-01
   4 -5.55163098226160e-01  3.49569654067520e-01  6.62904419473374e-01
   5 -2.12053434042494e-01  5.98853416810104e-01  6.62904419473374e-01
   6  2.12053434592440e-01  5.98853416772024e-01  6.62904419473374e-01
   7  5.55163098731335e-01  3.49569653967821e-01  6.62904419473374e-01
   8  6.86219328548943e-01 -5.37799470600251e-02  6.62904419473374e-01
   9  5.55163098695117e-01 -4.57129548076105e-01  6.62904419473374e-01
  10  2.12053434533837e-01 -7.06413310849498e-01  6.62904419473374e-01
  11 -2.12053434082056e-01 -9.29379486764160e-01  3.02137568860888e-01
  12 -7.67216532638751e-01 -5.26029885627726e-01  3.02137568852526e-01
  13 -8.98272762382840e-01 -1.22680284370187e-01  3.02137568805775e-01
  14 -6.86219327964364e-01  5.29953079408759e-01  3.02137568838594e-01
  15 -3.43109663843904e-01  7.79236842082362e-01  3.02137568805775e-01
  16  3.43109664480572e-01  7.79236842004331e-01  3.02137568838595e-01
  17  6.86219328534333e-01  5.29953079238925e-01  3.02137568805775e-01
  18  8.98272762804388e-01 -1.22680284588246e-01  3.02137568838594e-01
  19  7.67216532961148e-01 -5.26029885511367e-01  3.02137568805775e-01
  20  2.12053434486955e-01 -9.29379486749524e-01  3.02137568884571e-01
  21  1.11080911377824e-10 -9.98279823669024e-01 -5.86292819193784e-02
  22 -5.55163098364373e-01 -8.17896398876749e-01  7.91713932123004e-02
  23 -8.98272762292094e-01  2.38086566289041e-01  7.91713930798391e-02
  24  3.62875292367270e-10  8.90719929869209e-01  7.91713930798391e-02
  25  8.98272762815377e-01  2.38086566010373e-01  7.91713930798391e-02
  26  5.55163098585684e-01 -8.17896398671323e-01  7.91713930798391e-02
  27 -3.43109664158381e-01 -8.86796735785790e-01 -2.81595457393499e-01
  28 -2.12053434572183e-01 -7.06413309820364e-01 -6.42362307764246e-01
  29 -2.12053434975958e-01 -3.45646458851704e-01 -8.65328482887431e-01
  30 -3.43109665227982e-01  5.77031421648701e-02 -8.65328482245859e-01
  31 -5.55163099775376e-01  3.49569654757126e-01 -6.42362306005564e-01
  32 -7.67216532927119e-01  4.18469991865384e-01 -2.81595457503780e-01
  33  3.43109664121120e-01 -8.86796735153216e-01 -2.81595457571569e-01
  34  2.12053434062751e-01 -7.06413309412381e-01 -6.42362307908358e-01
  35  2.12053434069015e-01 -3.45646460445777e-01 -8.65328483587687e-01
  36  3.43109663965673e-01  5.77031405541547e-02 -8.65328483743631e-01
  37  5.55163098398645e-01  3.49569653758117e-01 -6.42362308195253e-01
  38  7.67216532893303e-01  4.18469991271842e-01 -2.81595457552395e-01
  39 -1.30336552298767e-09  3.06986905432126e-01 -8.65328482070920e-01
  40 -2.12053435890952e-01  5.98853417963247e-01 -6.42362305846587e-01
  41  2.12053434243918e-01  5.98853416684819e-01 -6.42362308288103e-01
  42 -2.12053433871723e-01  8.21819592061276e-01 -2.81595457400841e-01
  43  2.12053434783852e-01  8.21819592944856e-01 -2.81595457503780e-01
  44  5.55163098906288e-01  7.10336505078439e-01 -5.86292816066971e-02
  45 -5.55163098596460e-01  7.10336504989135e-01 -5.86292816066971e-02
