   8
   1   4   2   7   3   4
   2   4   1   4   5   7
   3   5   1   7   8   6   4
   4   5   1   3   6   5   2
   5   5   2   4   6   8   7
   6   4   3   8   5   4
   7   5   1   2   5   8   3
   8   4   3   7   5   6
   8
   1   4   1   2   3   4
   2   4   4   5   6   1
   3   5   2   7   8   9   3
   4   5   3   9  10   5   4
   5   5   5  10  11  12   6
   6   4   8  11  10   9
   7   5   1   6  12   7   2
   8   4   7  12  11   8
  12
   1   3   1   2   7
   2   3   1   7   3
   3   3   1   3   4
   4   3   1   4   2
   5   3   2   4   5
   6   3   2   5   7
   7   3   3   7   8
   8   3   3   8   6
   9   3   3   6   4
  10   3   4   6   5
  11   3   5   6   8
  12   3   5   8   7
   8
   1 -7.56499901290106e-01 -4.36765328813038e-01  4.86768662808997e-01
   2 -2.18756018120249e-01 -9.26786334962429e-01 -3.05307637450005e-01
   3 -2.18756018008738e-01  4.94634398425300e-01  4.86768662808997e-01
   4 -5.74718450487692e-01  7.92162531820108e-02 -4.39186221088311e-01
   5  4.74486563287382e-01 -1.37085343717928e-01 -5.34351309171046e-01
   6  1.41006808147136e-01  8.81897619874460e-01 -4.49859247267619e-01
   7  3.18987865161120e-01 -4.36765328813038e-01  4.86768662808997e-01
   8  8.34249151311147e-01  4.81654064824662e-01  2.68398426549991e-01
