  16
   1   5   2   6   5  12   4
   2   5   3   8   7   6   1
   3   5   4  10   9   8   2
   4   5   1  12  11  10   3
   5   5   1   6  13  16  12
   6   5   1   2   7  13   5
   7   5   6   2   8  14  13
   8   5  14   7   2   3   9
   9   5   8   3  10  15  14
  10   5  11  15   9   3   4
  11   5   4  12  16  15  10
  12   5   1   5  16  11   4
  13   5   5   6   7  14  16
  14   5  13   7   8   9  15
  15   5  16  14   9  10  11
  16   5  12   5  13  15  11
  16
   1   5   1   2   3   4   5
   2   5   6   7   8   1   5
   3   5   9  10  11   6   5
   4   5   4  12  13   9   5
   5   5   2  14  15  16   3
   6   5   1   8  17  14   2
   7   5   8   7  18  19  17
   8   5  18   7   6  11  20
   9   5  11  10  21  22  20
  10   5  23  21  10   9  13
  11   5  12  24  25  23  13
  12   5   3  16  24  12   4
  13   5  14  17  19  26  15
  14   5  19  18  20  22  26
  15   5  26  22  21  23  25
  16   5  16  15  26  25  24
  26
   1   3   1   2   6
   2   3   1   6   5
   3   3   1   5  12
   4   3   1  12   4
   5   4   1   4   3   2
   6   3   2   3   8
   7   3   2   8   7
   8   3   2   7   6
   9   3   3   4  10
  10   3   3  10   9
  11   3   3   9   8
  12   3   4  12  11
  13   3   4  11  10
  14   3   5   6  13
  15   3   5  13  16
  16   3   5  16  12
  17   3   6   7  13
  18   3   7   8  14
  19   3   7  14  13
  20   3   8   9  14
  21   3   9  10  15
  22   3   9  15  14
  23   3  10  11  15
  24   3  11  12  16
  25   3  11  16  15
  26   4  13  14  15  16
  16
   1 -4.07390948929162e-01 -4.07391099567880e-01  5.51500488617618e-01
   2 -4.07390948892581e-01  4.07391175698362e-01  5.51500488617618e-01
   3  4.07391326300504e-01  4.07391175625202e-01  5.51500488617618e-01
   4  4.07391326263920e-01 -4.07391099567880e-01  5.51500488617618e-01
   5 -6.98973852422570e-01 -6.98974002873321e-01 -1.51229172794004e-01
   6 -9.88498156509498e-01  3.81335717500525e-08  1.51229292580017e-01
   7 -6.98973852268963e-01  6.98974079120829e-01 -1.51229172794005e-01
   8  1.88798379734391e-07  9.88498383208234e-01  1.51229292615959e-01
   9  6.98974229916702e-01  6.98974079111288e-01 -1.51229172592068e-01
  10  9.88498533828660e-01  3.79603310878026e-08  1.51229292615959e-01
  11  6.98974229763099e-01 -6.98974003170991e-01 -1.51229172592067e-01
  12  1.88625139162600e-07 -9.88498307114327e-01  1.51229292615959e-01
  13 -5.76136256504436e-01  3.81299101504806e-08 -5.51499545157136e-01
  14 -4.32302444849927e-07  5.76140357879525e-01 -5.51501818724187e-01
  15  5.76134856718913e-01 -5.70835233578617e-07 -5.51499251523032e-01
  16 -4.32385661796708e-07 -5.76140281737620e-01 -5.51501818721865e-01
