  10
   1   5   3   4   7   5   9
   2   5   3  10   6   8   4
   3   5   2   4   1   9  10
   4   5   2   8   7   1   3
   5   4   1   7   6   9
   6   4   2  10   5   8
   7   4   1   4   8   5
   8   4   2   6   7   4
   9   4   1   5  10   3
  10   4   2   3   9   6
  10
   1   5   1   2   3   4   5
   2   5   6   7   8   9  10
   3   5  10   1   5  11   6
   4   5   9  12   2   1  10
   5   4   3  13  14   4
   6   4   7  14  13   8
   7   4   2  12  13   3
   8   4   8  13  12   9
   9   4   4  14  11   5
  10   4   6  11  14   7
  14
   1   3   1   3   4
   2   3   1   4   7
   3   3   1   7   5
   4   3   1   5   9
   5   3   1   9   3
   6   3   2   3  10
   7   3   2  10   6
   8   3   2   6   8
   9   3   2   8   4
  10   3   2   4   3
  11   3   3   9  10
  12   3   4   8   7
  13   4   5   7   8   6
  14   4   5   6  10   9
  10
   1  1.53891454132858e-01 -7.90639613816991e-01 -2.51221949835945e-01
   2  1.53891454203852e-01  7.90639345999251e-01 -2.51221949777511e-01
   3 -8.68323737207965e-02  1.20549250797964e-06 -8.16918585789469e-01
   4  7.67204762157606e-01 -1.33992842913444e-07 -2.93760750242245e-01
   5 -3.46876343989224e-01 -5.00767932109872e-01  5.66261732630942e-01
   6 -3.46876343944258e-01  5.00767664172298e-01  5.66261732630942e-01
   7  6.54659252203019e-01 -5.00767932109872e-01  5.66261732630942e-01
   8  6.54659252247988e-01  5.00767664082370e-01  5.66261732630942e-01
   9 -8.01860556668005e-01 -5.00767931954549e-01 -3.25961847439300e-01
  10 -8.01860556623040e-01  5.00767664237699e-01 -3.25961847439300e-01
