  11
   1   5   3   4   7   5   9
   2   5   3  10   6   8   4
   3   5   2   4   1   9  10
   4   5   2   8   7   1   3
   5   5   6   9   1   7  11
   6   5   8   2  10   5  11
   7   5   5   1   4   8  11
   8   5   7   4   2   6  11
   9   4   1   5  10   3
  10   4   2   3   9   6
  11   4   5   7   8   6
  11
   1   5   1   2   3   4   5
   2   5   6   7   8   9  10
   3   5  10   1   5  11   6
   4   5   9  12   2   1  10
   5   5  13   4   3  14  15
   6   5   8   7  13  15  16
   7   5   3   2  12  17  14
   8   5  12   9   8  16  17
   9   4   4  13  11   5
  10   4   6  11  13   7
  11   4  14  17  16  15
  17
   1   3   1   3   4
   2   3   1   4   7
   3   3   1   7   5
   4   3   1   5   9
   5   3   1   9   3
   6   3   2   3  10
   7   3   2  10   6
   8   3   2   6   8
   9   3   2   8   4
  10   3   2   4   3
  11   3   3   9  10
  12   3   4   8   7
  13   4   5   6  10   9
  14   3   5   7  11
  15   3   5  11   6
  16   3   6  11   8
  17   3   7   8  11
  11
   1  1.19880048000999e-01 -6.77491192203937e-01 -3.14548422538443e-01
   2  1.19880048061832e-01  6.77490983571128e-01 -3.14548422488372e-01
   3 -8.63938001402248e-02  1.04340328251888e-06 -7.99288230056033e-01
   4  6.45422107092045e-01 -1.04388360381911e-07 -3.50999496507130e-01
   5 -3.09222885700464e-01 -4.29103038085493e-01  3.85945194892801e-01
   6 -3.09222885661934e-01  4.29102829349999e-01  3.85945194892801e-01
   7  5.48982981657970e-01 -4.29103038085493e-01  3.85945194892801e-01
   8  5.48982981619443e-01  4.29102829349999e-01  3.85945194892801e-01
   9 -6.99094321484598e-01 -4.29103037952398e-01 -3.78592295659710e-01
  10 -6.99094321446068e-01  4.29102829406040e-01 -3.78592295659710e-01
  11  1.19880048000999e-01 -1.04364766578765e-07  9.92788383338195e-01
