  12
   1   5   2   3  11   4   9
   2   5   1   9  10   8   3
   3   5   1   2   8  12  11
   4   4   1  11   5   9
   5   4   4  11   6   9
   6   4   5  12   7  10
   7   4   6  12   8  10
   8   5   2  10   7  12   3
   9   5   1   4   5  10   2
  10   5   2   9   6   7   8
  11   5   1   3  12   5   4
  12   5   3   8   7   6  11
  12
   1   5   1   2   3   4   5
   2   5   5   6   7   8   1
   3   5   1   8   9  10   2
   4   4   3  11  12   4
   5   4  11  13  14  12
   6   4  13  15  16  14
   7   4  15  17  18  16
   8   5   7  18  17   9   8
   9   5   4  12  14   6   5
  10   5   6  14  16  18   7
  11   5   2  10  13  11   3
  12   5   9  17  15  13  10
  18
   1   3   1   2   3
   2   3   1   3  11
   3   3   1  11   4
   4   3   1   4   9
   5   3   1   9   2
   6   3   2   9  10
   7   3   2  10   8
   8   3   2   8   3
   9   3   3   8  12
  10   3   3  12  11
  11   3   4  11   5
  12   3   4   5   9
  13   4   5  11  12   6
  14   4   5   6  10   9
  15   3   6  12   7
  16   3   6   7  10
  17   3   7  12   8
  18   3   7   8  10
  12
   1  3.80774890341443e-01 -6.50680350556464e-01 -2.81619770892837e-01
   2  2.39719534495132e-01 -6.61660648510888e-08 -6.50717870009832e-01
   3  6.92389018411712e-01  7.28238847540042e-07 -3.86678794094906e-02
   4 -1.72278266073653e-01 -9.76772857043845e-01  1.27416579694561e-01
   5 -5.52907630669537e-01 -3.80629430828897e-01  4.08928843928615e-01
   6 -5.52907630635359e-01  3.80629298391760e-01  4.08928843928615e-01
   7 -1.72278265985945e-01  9.76772724625403e-01  1.27416579806528e-01
   8  3.80774890399869e-01  6.50680218165190e-01 -2.81619770842116e-01
   9 -3.29994368658777e-01 -3.80629430736371e-01 -3.18961622030636e-01
  10 -3.29994368624599e-01  3.80629298415930e-01 -3.18961622030636e-01
  11  2.08351098482767e-01 -3.80629430828897e-01  4.08928843928615e-01
  12  2.08351098516947e-01  3.80629298323407e-01  4.08928843928615e-01
