  14
   1   4   2   5   7   4
   2   4   1   3   9   5
   3   4   2   4   6  10
   4   4   1   8   6   3
   5   5   1   2   9  11   7
   6   5   3   4   8  12  10
   7   5   1   5  11  13   8
   8   5   4   7  13  12   6
   9   5   2  10  14  11   5
  10   5   3   6  12  14   9
  11   5   5   9  14  13   7
  12   5   6   8  13  14  10
  13   5   7  11  14  12   8
  14   5   9  10  12  13  11
  14
   1   4   1   2   3   4
   2   4   4   5   6   1
   3   4   4   7   8   5
   4   4   3   9   7   4
   5   5   1   6  10  11   2
   6   5   7   9  12  13   8
   7   5   2  11  14  15   3
   8   5   3  15  16  12   9
   9   5   5  17  18  10   6
  10   5   8  13  19  17   5
  11   5  10  18  20  14  11
  12   5  12  16  21  19  13
  13   5  14  20  21  16  15
  14   5  17  19  21  20  18
  21
   1   3   1   2   5
   2   3   1   5   7
   3   4   1   7   8   4
   4   4   1   4   3   2
   5   4   2   3  10   9
   6   3   2   9   5
   7   3   3   4   6
   8   3   3   6  10
   9   3   4   8   6
  10   3   5   9  11
  11   3   5  11   7
  12   3   6   8  12
  13   3   6  12  10
  14   3   7  11  13
  15   3   7  13   8
  16   3   8  13  12
  17   3   9  10  14
  18   3   9  14  11
  19   3  10  12  14
  20   3  11  14  13
  21   3  12  13  14
  14
   1 -4.44365843570710e-01 -4.44365843477558e-01  7.58930367687115e-01
   2 -4.44365843530809e-01  4.44365843613123e-01  7.58930367687115e-01
   3  4.44365843480077e-01  4.44365843533324e-01  7.58930367687115e-01
   4  4.44365843440173e-01 -4.44365843477558e-01  7.58930367687115e-01
   5 -9.78756457460760e-01  4.66432223967286e-11  2.05026332291215e-01
   6  9.78756457455580e-01 -1.91460361723298e-11  2.05026332428308e-01
   7 -4.44365843530809e-01 -6.37083044444618e-01 -1.08654839638569e-01
   8  4.44365843434063e-01 -6.37083044451945e-01 -1.08654839671556e-01
   9 -4.44365843473603e-01  6.37083044506380e-01 -1.08654839724193e-01
  10  4.44365843537275e-01  6.37083044409277e-01 -1.08654839646289e-01
  11 -7.42675769160147e-01  8.61528706723238e-12 -6.51775815294615e-01
  12  7.42675769355185e-01 -3.62034461448178e-11 -6.51775815220984e-01
  13 -7.46517115768899e-11 -4.44367310427826e-01 -8.53801573147888e-01
  14  9.91353480377039e-11  4.44367310217492e-01 -8.53801573123892e-01
