  16
   1   4   2   3   7   5
   2   4   1   6   8   4
   3   5   1   4  16   9   7
   4   5   2   8  10  16   3
   5   5   1   7  11  13   6
   6   5   2   5  13  12   8
   7   5   1   3   9  11   5
   8   5   2   6  12  10   4
   9   5   3  16  15  11   7
  10   5   4   8  12  15  16
  11   5   5   7   9  14  13
  12   5   6  13  14  10   8
  13   5   5  11  14  12   6
  14   4  11  15  12  13
  15   4   9  16  10  14
  16   5   3   4  10  15   9
  16
   1   4   1   2   3   4
   2   4   4   5   6   1
   3   5   1   7   8   9   2
   4   5   6  10  11   7   1
   5   5   3  12  13  14   4
   6   5   4  14  15  16   5
   7   5   2   9  17  12   3
   8   5   5  16  18  10   6
   9   5   8  19  20  17   9
  10   5  10  18  21  22  11
  11   5  12  17  20  23  13
  12   5  15  24  21  18  16
  13   5  13  23  24  15  14
  14   4  20  21  24  23
  15   4  19  22  21  20
  16   5   7  11  22  19   8
  24
   1   4   1   2   4   3
   2   3   1   3   7
   3   3   1   7   5
   4   4   1   5   6   2
   5   3   2   6   8
   6   3   2   8   4
   7   3   3   4  16
   8   3   3  16   9
   9   3   3   9   7
  10   3   4   8  10
  11   3   4  10  16
  12   3   5   7  11
  13   3   5  11  13
  14   3   5  13   6
  15   3   6  13  12
  16   3   6  12   8
  17   3   7   9  11
  18   3   8  12  10
  19   3   9  16  15
  20   4   9  15  14  11
  21   4  10  12  14  15
  22   3  10  15  16
  23   3  11  14  13
  24   3  12  13  14
  16
   1 -4.12423871808081e-01 -5.84392304256392e-01  6.98850616862242e-01
   2  4.12423209699261e-01 -5.84392304256392e-01  6.98850616862242e-01
   3 -4.12423871771049e-01  2.40454777325014e-01  6.98850616862242e-01
   4  4.12423209736297e-01  2.40454777250951e-01  6.98850616862242e-01
   5 -4.12423871845114e-01 -7.30374693138481e-01 -1.12975626866956e-01
   6  4.12423209662228e-01 -7.30374693151589e-01 -1.12975626939852e-01
   7 -9.29176248090725e-01 -1.71968763405179e-01  2.05650340631312e-01
   8  9.29175585981901e-01 -1.71968763504540e-01  2.05650340548224e-01
   9 -6.32765019932268e-01  5.61343263803659e-01 -2.83722275974291e-02
  10  6.32764358225426e-01  5.61343263892454e-01 -2.83722274255259e-02
  11 -6.32765019980542e-01 -7.14228285628204e-02 -5.57503383535488e-01
  12  6.32764357471977e-01 -7.14228283241435e-02 -5.57503383363903e-01
  13 -3.31127917334724e-07 -5.40832374477305e-01 -8.01708695881818e-01
  14  2.31736170465966e-06  2.68008562683317e-01 -9.63415363381006e-01
  15  2.31735504403175e-06  9.00774655018446e-01 -4.34284207409278e-01
  16 -3.30938141454595e-07  8.84770253103004e-01  3.90407593772753e-01
