  14
   1   3   2   6   5
   2   3   3   7   1
   3   4   4   8   7   2
   4   4   5   9   8   3
   5   4   1   6   9   4
   6   4  10  14   5   1
   7   4  11  10   2   3
   8   4  12  11   3   4
   9   4  14  13   4   5
  10   4  11  14   6   7
  11   4  12  10   7   8
  12   3  13  11   8
  13   3  14  12   9
  14   4  10  13   9   6
  14
   1   3   1   2   3
   2   3   4   1   3
   3   4   5   6   4   3
   4   4   7   8   5   3
   5   4   2   9   7   3
   6   4  10   9   2   1
   7   4  11   1   4   6
   8   4  12   6   5   8
   9   4  13   8   7   9
  10   4  14  10   1  11
  11   4  14  11   6  12
  12   3  14  12   8
  13   3  14   8  13
  14   4  14  13   9  10
  14
   1   5   1   2   7  10   6
   2   3   1   6   5
   3   5   1   5   4   3   2
   4   3   2   3   7
   5   3   3   4   8
   6   4   3   8  11   7
   7   3   4   5   9
   8   5   4   9  13  12   8
   9   4   5   6  14   9
  10   3   6  10  14
  11   3   7  11  10
  12   3   8  12  11
  13   3   9  14  13
  14   5  10  11  12  13  14
  14
   1 -3.56822089743385e-01 -7.94654472325328e-01  4.91123473139702e-01
   2  3.56822089765406e-01 -7.94654472325328e-01  4.91123473139702e-01
   3  5.77350269177276e-01 -4.91123473150874e-01 -1.15938525057031e-01
   4 -3.01388555961342e-12 -3.03530999050877e-01 -4.91123473162978e-01
   5 -5.77350269111800e-01 -4.91123473163410e-01 -1.15938525031960e-01
   6 -5.77350269139055e-01 -1.15938524991621e-01  4.91123473139702e-01
   7  5.77350269194768e-01 -1.15938525095305e-01  4.91123473139702e-01
   8  5.77350269107525e-01  1.15938525082941e-01 -4.91123473110433e-01
   9 -5.77350269168958e-01  1.15938525000337e-01 -4.91123473156463e-01
  10  6.55209426931698e-11  3.03530999045796e-01  4.91123473139702e-01
  11  5.77350269125016e-01  4.91123473178469e-01  1.15938525049176e-01
  12  3.56822089634758e-01  7.94654472377817e-01 -4.91123473071446e-01
  13 -3.56822089874032e-01  7.94654472262684e-01 -4.91123473099892e-01
  14 -5.77350269030026e-01  4.91123473154698e-01  1.15938524942516e-01
