  18
   1   4   2   8   7   6
   2   4   3   9   8   1
   3   4   4  11  10   2
   4   4   5  12  11   3
   5   4   6  14  13   4
   6   4   1  15  14   5
   7   4   1   8  16  15
   8   4   1   2   9   7
   9   4   2  10  17   8
  10   4   3  11  17   9
  11   4   3   4  12  10
  12   4   4  13  18  11
  13   4   5  14  18  12
  14   4   5   6  15  13
  15   4   6   7  16  14
  16   4  15   7  17  18
  17   4   9  10  18  16
  18   4  12  13  16  17
  18
   1   4   1   2   3   4
   2   4   5   6   1   4
   3   4   7   8   5   4
   4   4   9  10   7   4
   5   4  11  12   9   4
   6   4   3  13  11   4
   7   4   2  14  15   3
   8   4   1   6  14   2
   9   4   5  16  14   6
  10   4   8  17  16   5
  11   4   7  10  17   8
  12   4   9  18  17  10
  13   4  12  19  18   9
  14   4  11  13  19  12
  15   4   3  15  19  13
  16   4  15  14  20  19
  17   4  16  17  20  14
  18   4  18  19  20  17
  20
   1   3   1   2   8
   2   3   1   8   7
   3   4   1   7  15   6
   4   6   1   6   5   4   3   2
   5   4   2   3  10   9
   6   3   2   9   8
   7   3   3   4  11
   8   3   3  11  10
   9   4   4   5  13  12
  10   3   4  12  11
  11   3   5   6  14
  12   3   5  14  13
  13   3   6  15  14
  14   5   7   8   9  17  16
  15   3   7  16  15
  16   3   9  10  17
  17   5  10  11  12  18  17
  18   3  12  13  18
  19   5  13  14  15  16  18
  20   3  16  17  18
  18
   1 -3.30304370044045e-01 -5.72103950815358e-01 -4.35695423651195e-01
   2  3.30304369875139e-01 -5.72103950807944e-01 -4.35695423834653e-01
   3  6.60608739803655e-01  1.07078296019036e-11 -4.35695423996079e-01
   4  3.30304369784069e-01  5.72103950731964e-01 -4.35695423974048e-01
   5 -3.30304370106764e-01  5.72103950694388e-01 -4.35695423790584e-01
   6 -6.60608740001183e-01 -2.53098788126886e-11 -4.35695423629164e-01
   7 -5.34443697134280e-01 -6.89963846327349e-01  1.81427001258101e-01
   8  3.81404180287862e-11 -9.98525058758189e-01 -5.42927898707952e-02
   9  5.34443697278616e-01 -6.89963846341856e-01  1.81427001247019e-01
  10  8.64748067077363e-01 -1.17859895496055e-01  1.81427001132083e-01
  11  8.64748067010470e-01  4.99262529419521e-01 -5.42927900023157e-02
  12  3.30304369969765e-01  8.07823742243281e-01  1.81427000940445e-01
  13 -3.30304369730217e-01  8.07823741794477e-01  1.81427001314822e-01
  14 -8.64748066956710e-01  4.99262529398435e-01 -5.42927898612566e-02
  15 -8.64748067066264e-01 -1.17859895564036e-01  1.81427001258101e-01
  16 -3.30304369901670e-01 -1.90701316968386e-01  5.62829635153173e-01
  17  3.30304370013668e-01 -1.90701316968386e-01  5.62829635153173e-01
  18  9.02465674446467e-11  3.81402633780097e-01  5.62829635153173e-01
