   6
   1   3   2   4   3
   2   3   3   5   1
   3   3   1   6   2
   4   3   1   5   6
   5   3   2   6   4
   6   3   3   4   5
   6
   1   3   1   2   3
   2   3   4   1   3
   3   3   2   4   3
   4   3   1   5   2
   5   3   4   5   1
   6   3   2   5   4
   5
   1   4   1   2   5   4
   2   4   1   4   6   3
   3   3   1   3   2
   4   4   2   3   6   5
   5   3   4   5   6
   6
   1 -6.54653670727391e-01 -3.77964473028483e-01  6.54653670677445e-01
   2  2.35866347028570e-11  7.55928945995301e-01  6.54653670677445e-01
   3  6.54653670638811e-01 -3.77964473028483e-01  6.54653670677445e-01
   4 -6.54653670668608e-01 -3.77964472994545e-01 -6.54653670688757e-01
   5  9.47920743089550e-11  7.55928946050755e-01 -6.54653670596035e-01
   6  6.54653670638811e-01 -3.77964472994545e-01 -6.54653670747545e-01
