  10
   1   3   2   6   5
   2   3   3   7   1
   3   3   4   8   2
   4   3   5   9   3
   5   3   1  10   4
   6   3   1   7  10
   7   3   2   8   6
   8   3   3   9   7
   9   3   4  10   8
  10   3   5   6   9
  10
   1   3   1   2   3
   2   3   4   1   3
   3   3   5   4   3
   4   3   6   5   3
   5   3   2   6   3
   6   3   1   7   2
   7   3   4   7   1
   8   3   5   7   4
   9   3   6   7   5
  10   3   2   7   6
   7
   1   4   1   2   7   6
   2   4   1   6  10   5
   3   5   1   5   4   3   2
   4   4   2   3   8   7
   5   4   3   4   9   8
   6   4   4   5  10   9
   7   5   6   7   8   9  10
  10
   1 -5.06731853988241e-01 -6.97456562336935e-01  5.06731853939067e-01
   2 -8.19909362898291e-01  2.66404701225775e-01  5.06731853939067e-01
   3  3.90496132257779e-11  8.62103722374550e-01  5.06731853939067e-01
   4  8.19909362869413e-01  2.66404701078531e-01  5.06731853939067e-01
   5  5.06731853911518e-01 -6.97456562336935e-01  5.06731853939067e-01
   6 -5.06731853942740e-01 -6.97456562274308e-01 -5.06731853960692e-01
   7 -8.19909362847497e-01  2.66404701272114e-01 -5.06731853852563e-01
   8  3.90496132257779e-11  8.62103722297142e-01 -5.06731853960692e-01
   9  8.19909362906222e-01  2.66404700974374e-01 -5.06731853915190e-01
  10  5.06731853911518e-01 -6.97456562274308e-01 -5.06731854006196e-01
