  12
   1   3   2   7   6
   2   3   3   8   1
   3   3   4   9   2
   4   3   5  10   3
   5   3   6  11   4
   6   3   1  12   5
   7   3   1   8  12
   8   3   2   9   7
   9   3   3  10   8
  10   3   4  11   9
  11   3   5  12  10
  12   3   6   7  11
  12
   1   3   1   2   3
   2   3   4   1   3
   3   3   5   4   3
   4   3   6   5   3
   5   3   7   6   3
   6   3   2   7   3
   7   3   1   8   2
   8   3   4   8   1
   9   3   5   8   4
  10   3   6   8   5
  11   3   7   8   6
  12   3   2   8   7
   8
   1   4   1   2   8   7
   2   4   1   7  12   6
   3   6   1   6   5   4   3   2
   4   4   2   3   9   8
   5   4   3   4  10   9
   6   4   4   5  11  10
   7   4   5   6  12  11
   8   6   7   8   9  10  11  12
  12
   1 -4.47213595513182e-01 -7.74596669248552e-01  4.47213595469591e-01
   2 -8.94427191015099e-01  1.03409562943143e-10  4.47213595469591e-01
   3 -4.47213595443628e-01  7.74596669254592e-01  4.47213595469591e-01
   4  4.47213595513835e-01  7.74596669174273e-01  4.47213595469591e-01
   5  8.94427190946201e-01 -5.72170499558631e-11  4.47213595469591e-01
   6  4.47213595444285e-01 -7.74596669248552e-01  4.47213595469591e-01
   7 -4.47213595473025e-01 -7.74596669178999e-01 -4.47213595487875e-01
   8 -8.94427190960244e-01  1.47504831077859e-10 -4.47213595378165e-01
   9 -4.47213595403472e-01  7.74596669185033e-01 -4.47213595487875e-01
  10  4.47213595594155e-01  7.74596669104722e-01 -4.47213595447718e-01
  11  8.94427190865891e-01 -5.72170499558631e-11 -4.47213595487875e-01
  12  4.47213595444285e-01 -7.74596669178999e-01 -4.47213595528035e-01
