  14
   1   3   2   8   7
   2   3   3   9   1
   3   3   4  10   2
   4   3   5  11   3
   5   3   6  12   4
   6   3   7  13   5
   7   3   1  14   6
   8   3   1   9  14
   9   3   2  10   8
  10   3   3  11   9
  11   3   4  12  10
  12   3   5  13  11
  13   3   6  14  12
  14   3   7   8  13
  14
   1   3   1   2   3
   2   3   4   1   3
   3   3   5   4   3
   4   3   6   5   3
   5   3   7   6   3
   6   3   8   7   3
   7   3   2   8   3
   8   3   1   9   2
   9   3   4   9   1
  10   3   5   9   4
  11   3   6   9   5
  12   3   7   9   6
  13   3   8   9   7
  14   3   2   9   8
   9
   1   4   1   2   9   8
   2   4   1   8  14   7
   3   7   1   7   6   5   4   3   2
   4   4   2   3  10   9
   5   4   3   4  11  10
   6   4   4   5  12  11
   7   4   5   6  13  12
   8   4   6   7  14  13
   9   7   8   9  10  11  12  13  14
  14
   1 -3.98032496779626e-01 -8.26522996071587e-01  3.98032496738327e-01
   2 -8.94370901894663e-01 -2.04134321916675e-01  3.98032496738327e-01
   3 -7.17229775952124e-01  5.71971660132127e-01  3.98032496738327e-01
   4  5.14819141441997e-11  9.17371316017800e-01  3.98032496738327e-01
   5  7.17229775993057e-01  5.71971660003323e-01  3.98032496738327e-01
   6  8.94370901796218e-01 -2.04134322077293e-01  3.98032496738327e-01
   7  3.98032496717842e-01 -8.26522996071587e-01  3.98032496738327e-01
   8 -3.98032496743885e-01 -8.26522995997370e-01 -3.98032496759141e-01
   9 -8.94370901834933e-01 -2.04134321872541e-01 -3.98032496649184e-01
  10 -7.17229775887721e-01  5.71971660080765e-01 -3.98032496759141e-01
  11  1.48085229273431e-10  9.17371315981945e-01 -3.98032496723400e-01
  12  7.17229775928656e-01  5.71971659951961e-01 -3.98032496759141e-01
  13  8.94370901739769e-01 -2.04134322163496e-01 -3.98032496723400e-01
  14  3.98032496717842e-01 -8.26522995997370e-01 -3.98032496794884e-01
