  16
   1   3   2   9   8
   2   3   3  10   1
   3   3   4  11   2
   4   3   5  12   3
   5   3   6  13   4
   6   3   7  14   5
   7   3   8  15   6
   8   3   1  16   7
   9   3   1  10  16
  10   3   2  11   9
  11   3   3  12  10
  12   3   4  13  11
  13   3   5  14  12
  14   3   6  15  13
  15   3   7  16  14
  16   3   8   9  15
  16
   1   3   1   2   3
   2   3   4   1   3
   3   3   5   4   3
   4   3   6   5   3
   5   3   7   6   3
   6   3   8   7   3
   7   3   9   8   3
   8   3   2   9   3
   9   3   1  10   2
  10   3   4  10   1
  11   3   5  10   4
  12   3   6  10   5
  13   3   7  10   6
  14   3   8  10   7
  15   3   9  10   8
  16   3   2  10   9
  10
   1   4   1   2  10   9
   2   4   1   9  16   8
   3   8   1   8   7   6   5   4   3   2
   4   4   2   3  11  10
   5   4   3   4  12  11
   6   4   4   5  13  12
   7   4   5   6  14  13
   8   4   6   7  15  14
   9   4   7   8  16  15
  10   8   9  10  11  12  13  14  15  16
  16
   1 -3.57406744346791e-01 -8.62856209463085e-01  3.57406744308882e-01
   2 -8.62856209520078e-01 -3.57406744221719e-01  3.57406744308882e-01
   3 -8.62856209423800e-01  3.57406744413750e-01  3.57406744308882e-01
   4 -3.57406744269312e-01  8.62856209454780e-01  3.57406744308882e-01
   5  3.57406744366160e-01  8.62856209390590e-01  3.57406744308882e-01
   6  8.62856209429878e-01  3.57406744258793e-01  3.57406744308882e-01
   7  8.62856209397783e-01 -3.57406744376676e-01  3.57406744308882e-01
   8  3.57406744288681e-01 -8.62856209463085e-01  3.57406744308882e-01
   9 -3.57406744314698e-01 -8.62856209385606e-01 -3.57406744326590e-01
  10 -8.62856209455892e-01 -3.57406744176332e-01 -3.57406744217018e-01
  11 -8.62856209346321e-01  3.57406744381662e-01 -3.57406744326590e-01
  12 -3.57406744169140e-01  8.62856209445380e-01 -3.57406744294497e-01
  13  3.57406744334065e-01  8.62856209313111e-01 -3.57406744326590e-01
  14  8.62856209420478e-01  3.57406744158626e-01 -3.57406744294497e-01
  15  8.62856209320304e-01 -3.57406744344583e-01 -3.57406744326590e-01
  16  3.57406744288681e-01 -8.62856209385606e-01 -3.57406744358685e-01
