  18
   1   3   2  10   9
   2   3   3  11   1
   3   3   4  12   2
   4   3   5  13   3
   5   3   6  14   4
   6   3   7  15   5
   7   3   8  16   6
   8   3   9  17   7
   9   3   1  18   8
  10   3   1  11  18
  11   3   2  12  10
  12   3   3  13  11
  13   3   4  14  12
  14   3   5  15  13
  15   3   6  16  14
  16   3   7  17  15
  17   3   8  18  16
  18   3   9  10  17
  18
   1   3   1   2   3
   2   3   4   1   3
   3   3   5   4   3
   4   3   6   5   3
   5   3   7   6   3
   6   3   8   7   3
   7   3   9   8   3
   8   3  10   9   3
   9   3   2  10   3
  10   3   1  11   2
  11   3   4  11   1
  12   3   5  11   4
  13   3   6  11   5
  14   3   7  11   6
  15   3   8  11   7
  16   3   9  11   8
  17   3  10  11   9
  18   3   2  11  10
  11
   1   4   1   2  11  10
   2   4   1  10  18   9
   3   9   1   9   8   7   6   5   4   3   2
   4   4   2   3  12  11
   5   4   3   4  13  12
   6   4   4   5  14  13
   7   4   5   6  15  14
   8   4   6   7  16  15
   9   4   7   8  17  16
  10   4   8   9  18  17
  11   9  10  11  12  13  14  15  16  17  18
  18
   1 -3.23615577126778e-01 -8.89126490717206e-01  3.23615577092325e-01
   2 -8.19423406310890e-01 -4.73094324055003e-01  3.23615577092325e-01
   3 -9.31813916678509e-01  1.64303934611052e-01  3.23615577092325e-01
   4 -6.08198339509799e-01  7.24822556233010e-01  3.23615577092325e-01
   5  5.97861792033672e-11  9.46188648297745e-01  3.23615577092325e-01
   6  6.08198339589618e-01  7.24822556123783e-01  3.23615577092325e-01
   7  9.31813916657668e-01  1.64303934443711e-01  3.23615577092325e-01
   8  8.19423406175575e-01 -4.73094324202160e-01  3.23615577092325e-01
   9  3.23615577076428e-01 -8.89126490717206e-01  3.23615577092325e-01
  10 -3.23615577097720e-01 -8.89126490637368e-01 -3.23615577110882e-01
  11 -8.19423406242932e-01 -4.73094324007806e-01 -3.23615577001986e-01
  12 -9.31813916594839e-01  1.64303934596302e-01 -3.23615577110882e-01
  13 -6.08198339411599e-01  7.24822556243417e-01 -3.23615577081823e-01
  14  5.97861792033672e-11  9.46188648212783e-01 -3.23615577110882e-01
  15  6.08198339616924e-01  7.24822556028886e-01 -3.23615577081823e-01
  16  9.31813916573994e-01  1.64303934428960e-01 -3.23615577110882e-01
  17  8.19423406086859e-01 -4.73094324245531e-01 -3.23615577081823e-01
  18  3.23615577076428e-01 -8.89126490637368e-01 -3.23615577139942e-01
