  20
   1   3   2  11  10
   2   3   3  12   1
   3   3   4  13   2
   4   3   5  14   3
   5   3   6  15   4
   6   3   7  16   5
   7   3   8  17   6
   8   3   9  18   7
   9   3  10  19   8
  10   3   1  20   9
  11   3   1  12  20
  12   3   2  13  11
  13   3   3  14  12
  14   3   4  15  13
  15   3   5  16  14
  16   3   6  17  15
  17   3   7  18  16
  18   3   8  19  17
  19   3   9  20  18
  20   3  10  11  19
  20
   1   3   1   2   3
   2   3   4   1   3
   3   3   5   4   3
   4   3   6   5   3
   5   3   7   6   3
   6   3   8   7   3
   7   3   9   8   3
   8   3  10   9   3
   9   3  11  10   3
  10   3   2  11   3
  11   3   1  12   2
  12   3   4  12   1
  13   3   5  12   4
  14   3   6  12   5
  15   3   7  12   6
  16   3   8  12   7
  17   3   9  12   8
  18   3  10  12   9
  19   3  11  12  10
  20   3   2  12  11
  12
   1   4   1   2  12  11
   2   4   1  11  20  10
   3  10   1  10   9   8   7   6   5   4   3   2
   4   4   2   3  13  12
   5   4   3   4  14  13
   6   4   4   5  15  14
   7   4   5   6  16  15
   8   4   6   7  17  16
   9   4   7   8  18  17
  10   4   8   9  19  18
  11   4   9  10  20  19
  12  10  11  12  13  14  15  16  17  18  19  20
  20
   1 -2.95241808852514e-01 -9.08660854567026e-01  2.95241808820297e-01
   2 -7.72953090543874e-01 -5.61583292257875e-01  2.95241808820297e-01
   3 -9.55422563219112e-01  1.06288633336856e-10  2.95241808820297e-01
   4 -7.72953090392594e-01  5.61583292421292e-01  2.95241808820297e-01
   5 -2.95241808770922e-01  9.08660854548737e-01  2.95241808820297e-01
   6  2.95241808885784e-01  9.08660854495717e-01  2.95241808820297e-01
   7  7.72953090445124e-01  5.61583292282481e-01  2.95241808820297e-01
   8  9.55422563170789e-01 -6.52940989406422e-11  2.95241808820297e-01
   9  7.72953090394696e-01 -5.61583292396687e-01  2.95241808820297e-01
  10  2.95241808804192e-01 -9.08660854567026e-01  2.95241808820297e-01
  11 -2.95241808826003e-01 -9.08660854485435e-01 -2.95241808836409e-01
  12 -7.72953090472801e-01 -5.61583292208659e-01 -2.95241808728307e-01
  13 -9.55422563133320e-01  1.06288633336856e-10 -2.95241808836409e-01
  14 -7.72953090298612e-01  5.61583292446506e-01 -2.95241808809898e-01
  15 -2.95241808744412e-01  9.08660854467144e-01 -2.95241808836409e-01
  16  2.95241808938804e-01  9.08660854414124e-01 -2.95241808809898e-01
  17  7.72953090375718e-01  5.61583292232054e-01 -2.95241808836409e-01
  18  9.55422563109574e-01 -1.40935035642834e-10 -2.95241808809898e-01
  19  7.72953090325291e-01 -5.61583292346260e-01 -2.95241808836409e-01
  20  2.95241808804192e-01 -9.08660854485435e-01 -2.95241808862922e-01
