   4
   1   3   2   4   3
   2   3   3   4   1
   3   3   1   4   2
   4   3   1   2   3
   4
   1   3   1   2   3
   2   3   4   1   3
   3   3   2   4   3
   4   3   1   4   2
   4
   1   3   1   2   4
   2   3   1   4   3
   3   3   1   3   2
   4   3   2   3   4
   4
   1 -8.16496580932821e-01 -4.71404520793973e-01  3.33333333316693e-01
   2  8.16496580869328e-01 -4.71404520793973e-01  3.33333333316693e-01
   3  1.05822215280804e-11  6.10903967191825e-12 -9.99999999950079e-01
   4  5.29109263417412e-11  9.42809041581838e-01  3.33333333316693e-01
