   6
   1   4   2   5   4   6
   2   4   3   5   1   6
   3   4   4   5   2   6
   4   4   1   5   3   6
   5   4   1   2   3   4
   6   4   1   4   3   2
   6
   1   4   1   2   3   4
   2   4   5   1   4   6
   3   4   7   5   6   8
   4   4   2   7   8   3
   5   4   1   5   7   2
   6   4   3   8   6   4
   8
   1   3   1   2   5
   2   3   1   5   4
   3   3   1   4   6
   4   3   1   6   2
   5   3   2   3   5
   6   3   2   6   3
   7   3   3   4   5
   8   3   3   6   4
   6
   1 -7.07106781160094e-01 -7.07106781213002e-01  0.00000000000000e+00
   2 -7.07106781096600e-01  7.07106781209727e-01  0.00000000000000e+00
   3  7.07106781072165e-01  7.07106781209727e-01  0.00000000000000e+00
   4  7.07106781135653e-01 -7.07106781213002e-01  0.00000000000000e+00
   5  2.44375470626012e-11  3.27568389637280e-12 -9.99999999915912e-01
   6  2.44389601458139e-11  3.27427081316006e-12  9.99999999915912e-01
