   8
   1   3   2   5   4
   2   3   3   6   1
   3   3   4   7   2
   4   3   1   8   3
   5   3   1   6   8
   6   3   2   7   5
   7   3   3   8   6
   8   3   4   5   7
   8
   1   3   1   2   3
   2   3   4   1   3
   3   3   5   4   3
   4   3   2   5   3
   5   3   1   6   2
   6   3   4   6   1
   7   3   5   6   4
   8   3   2   6   5
   6
   1   4   1   2   6   5
   2   4   1   5   8   4
   3   4   1   4   3   2
   4   4   2   3   7   6
   5   4   3   4   8   7
   6   4   5   6   7   8
   8
   1 -5.77350269200426e-01 -5.77350269206906e-01  5.77350269161545e-01
   2 -5.77350269148584e-01  5.77350269232824e-01  5.77350269161545e-01
   3  5.77350269187469e-01  5.77350269129144e-01  5.77350269161545e-01
   4  5.77350269135623e-01 -5.77350269206906e-01  5.77350269161545e-01
   5 -5.77350269148584e-01 -5.77350269155064e-01 -5.77350269174504e-01
   6 -5.77350269096742e-01  5.77350269284670e-01 -5.77350269070820e-01
   7  5.77350269135623e-01  5.77350269077301e-01 -5.77350269174504e-01
   8  5.77350269135623e-01 -5.77350269155064e-01 -5.77350269226351e-01
