  20
   1   3   2   6   5
   2   3   1   3   7
   3   3   2   4   8
   4   3   3   5   9
   5   3   1  10   4
   6   3   1  12  11
   7   3   2  13  12
   8   3   3  14  13
   9   3   4  15  14
  10   3   5  11  15
  11   3   6  16  10
  12   3   6   7  17
  13   3   7   8  18
  14   3   8   9  19
  15   3   9  10  20
  16   3  11  17  20
  17   3  12  18  16
  18   3  13  19  17
  19   3  14  20  18
  20   3  15  16  19
  20
   1   3   1   2   3
   2   3   3   4   1
   3   3   3   5   4
   4   3   3   6   5
   5   3   2   6   3
   6   3   1   7   2
   7   3   4   8   1
   8   3   5   9   4
   9   3   6  10   5
  10   3   2  11   6
  11   3   7  11   2
  12   3   1   8   7
  13   3   4   9   8
  14   3   5  10   9
  15   3   6  11  10
  16   3   7  12  11
  17   3   8  12   7
  18   3   9  12   8
  19   3  10  12   9
  20   3  11  12  10
  12
   1   5   1   2   7  12   6
   2   5   1   6  11  10   5
   3   5   1   5   4   3   2
   4   5   2   3   8  13   7
   5   5   3   4   9  14   8
   6   5   4   5  10  15   9
   7   5   6  12  17  16  11
   8   5   7  13  18  17  12
   9   5   8  14  19  18  13
  10   5   9  15  20  19  14
  11   5  10  11  16  20  15
  12   5  16  17  18  19  20
  20
   1 -3.56822089746642e-01 -4.91123473218112e-01  7.94654472252924e-01
   2  3.56822089775270e-01 -4.91123473218112e-01  7.94654472252924e-01
   3  5.77350269191195e-01 -7.94654472310434e-01  1.87592474001172e-01
   4  2.88636419876012e-13 -9.82246946359671e-01 -1.87592474138774e-01
   5 -5.77350269119112e-01 -7.94654472297898e-01  1.87592474026243e-01
   6 -5.77350269146367e-01  1.87592474128074e-01  7.94654472252924e-01
   7  5.77350269208686e-01  1.87592474024390e-01  7.94654472252924e-01
   8  9.34172358901767e-01 -3.03530999094991e-01 -1.87592474168883e-01
   9 -8.88833393184123e-11 -6.07061998187905e-01 -7.94654472280121e-01
  10 -9.34172358845457e-01 -3.03530998962947e-01 -1.87592474114496e-01
  11 -9.34172358828613e-01  3.03530999197306e-01  1.87592474084637e-01
  12  6.88241777476988e-11  6.07061998173204e-01  7.94654472252924e-01
  13  9.34172358868169e-01  3.03530999066181e-01  1.87592474006335e-01
  14  5.77350269053783e-01 -1.87592474042949e-01 -7.94654472356039e-01
  15 -5.77350269259838e-01 -1.87592474092255e-01 -7.94654472117581e-01
  16 -5.77350268928385e-01  7.94654472314415e-01 -1.87592473994475e-01
  17  2.83314235261535e-10  9.82246946312568e-01  1.87592474220791e-01
  18  5.77350268952031e-01  7.94654472162308e-01 -1.87592474099945e-01
  19  3.56822089590940e-01  4.91123473250688e-01 -7.94654472240428e-01
  20 -3.56822089930971e-01  4.91123473156138e-01 -7.94654472093054e-01
