  12
   1   5   2   7   6   5  11
   2   5   3   8   7   1  11
   3   5   4   9   8   2  11
   4   5   5  10   9   3  11
   5   5   1   6  10   4  11
   6   5  10   5   1   7  12
   7   5   6   1   2   8  12
   8   5   7   2   3   9  12
   9   5   8   3   4  10  12
  10   5   9   4   5   6  12
  11   5   1   5   4   3   2
  12   5   6   7   8   9  10
  12
   1   5   1   2   3   4   5
   2   5   6   7   1   5   8
   3   5   9  10   6   8  11
   4   5  12  13   9  11  14
   5   5   3  15  12  14   4
   6   5  15   3   2  16  17
   7   5   2   1   7  18  16
   8   5   7   6  10  19  18
   9   5  10   9  13  20  19
  10   5  13  12  15  17  20
  11   5   4  14  11   8   5
  12   5  16  18  19  20  17
  20
   1   3   1   2   7
   2   3   1   7   6
   3   3   1   6   5
   4   3   1   5  11
   5   3   1  11   2
   6   3   2   3   8
   7   3   2   8   7
   8   3   2  11   3
   9   3   3   4   9
  10   3   3   9   8
  11   3   3  11   4
  12   3   4   5  10
  13   3   4  10   9
  14   3   4  11   5
  15   3   5   6  10
  16   3   6   7  12
  17   3   6  12  10
  18   3   7   8  12
  19   3   8   9  12
  20   3   9  10  12
  12
   1 -5.25731112045593e-01 -7.23606797728819e-01  4.47213595429835e-01
   2 -8.50650808226968e-01  2.76393202295901e-01  4.47213595429835e-01
   3 -1.17592247323355e-10  8.94427191034977e-01  4.47213595429835e-01
   4  8.50650808091054e-01  2.76393202295901e-01  4.47213595429835e-01
   5  5.25731112070311e-01 -7.23606797728819e-01  4.47213595429835e-01
   6  3.96140456914477e-11 -8.94427190923513e-01 -4.47213595461184e-01
   7 -8.50650808187143e-01 -2.76393202171280e-01 -4.47213595461184e-01
   8 -5.25731111922381e-01  7.23606797600445e-01 -4.47213595442400e-01
   9  5.25731112071857e-01  7.23606797525360e-01 -4.47213595430792e-01
  10  8.50650808193929e-01 -2.76393202292790e-01 -4.47213595442400e-01
  11  3.96140456914477e-11  6.28976928543407e-11  9.99999999804184e-01
  12 -6.70185818147996e-12  2.97408855654250e-11 -9.99999999715402e-01
