  12
   1   4   2   7   6  10
   2   4   3   7   1  12
   3   4   4   8   2  12
   4   4   5   8   3  11
   5   4   6   9   4  11
   6   4   1   9   5  10
   7   4   8   9   1   2
   8   4   9   7   3   4
   9   4   7   8   5   6
  10   4  11  12   1   6
  11   4  12  10   5   4
  12   4  10  11   3   2
  12
   1   4   1   2   3   4
   2   4   5   1   4   6
   3   4   7   5   6   8
   4   4   9   7   8  10
   5   4  11   9  10  12
   6   4   2  11  12   3
   7   4  13   2   1   5
   8   4  13   5   7   9
   9   4  13   9  11   2
  10   4  14   4   3  12
  11   4  14  12  10   8
  12   4  14   8   6   4
  14
   1   3   1   2   7
   2   4   1   7   9   6
   3   3   1   6  10
   4   4   1  10  12   2
   5   4   2   3   8   7
   6   3   2  12   3
   7   3   3   4   8
   8   4   3  12  11   4
   9   4   4   5   9   8
  10   3   4  11   5
  11   3   5   6   9
  12   4   5  11  10   6
  13   3   7   8   9
  14   3  10  11  12
  12
   1 -4.99999999813365e-01 -8.66025403775453e-01 -9.25185853683226e-18
   2 -9.99999999746834e-01  1.34738886689644e-11 -9.25185853683226e-18
   3 -5.00000000046654e-01  8.66025403757503e-01 -9.25185853683226e-18
   4  4.99999999612915e-01  8.66025403757503e-01 -9.25185853683226e-18
   5  9.99999999624149e-01  1.34758870704084e-11 -9.25185853683226e-18
   6  5.00000000001731e-01 -8.66025403775453e-01 -9.25185853683226e-18
   7 -4.99999999768469e-01 -2.88675134507029e-01 -8.16496580730204e-01
   8  1.71945790907028e-10  5.77350268904821e-01 -8.16496580730204e-01
   9  4.99999999967169e-01 -2.88675134501062e-01 -8.16496580738643e-01
  10  1.20103815759439e-10 -5.77350269087394e-01  8.16496580730204e-01
  11  4.99999999645778e-01  2.88675134563908e-01  8.16496580730204e-01
  12 -4.99999999768468e-01  2.88675134635708e-01  8.16496580738643e-01
