  30
   1   4   2  11  10  21
   2   4   3  12   1  21
   3   4   4  12   2  25
   4   4   5  13   3  25
   5   4   6  13   4  24
   6   4   7  14   5  24
   7   4   8  14   6  23
   8   4   9  15   7  23
   9   4  10  15   8  22
  10   4   1  11   9  22
  11   4  16  20  10   1
  12   4  17  16   2   3
  13   4  18  17   4   5
  14   4  19  18   6   7
  15   4  20  19   8   9
  16   4  17  20  11  12
  17   4  18  16  12  13
  18   4  19  17  13  14
  19   4  20  18  14  15
  20   4  16  19  15  11
  21   4  26  30   2   1
  22   4  27  26  10   9
  23   4  28  27   8   7
  24   4  29  28   6   5
  25   4  30  29   4   3
  26   4  27  30  21  22
  27   4  28  26  22  23
  28   4  29  27  23  24
  29   4  30  28  24  25
  30   4  26  29  25  21
  30
   1   4   1   2   3   4
   2   4   5   1   4   6
   3   4   7   5   6   8
   4   4   9   7   8  10
   5   4  11   9  10  12
   6   4  13  11  12  14
   7   4  15  13  14  16
   8   4  17  15  16  18
   9   4  19  17  18  20
  10   4   2  19  20   3
  11   4  21  19   2   1
  12   4  22   1   5   7
  13   4  23   7   9  11
  14   4  24  11  13  15
  15   4  25  15  17  19
  16   4  26  21   1  22
  17   4  26  22   7  23
  18   4  26  23  11  24
  19   4  26  24  15  25
  20   4  26  25  19  21
  21   4  27   6   4   3
  22   4  28   3  20  18
  23   4  29  18  16  14
  24   4  30  14  12  10
  25   4  31  10   8   6
  26   4  32  27   3  28
  27   4  32  28  18  29
  28   4  32  29  14  30
  29   4  32  30  10  31
  30   4  32  31   6  27
  32
   1   5   1   2  12  16  11
   2   3   1  11  10
   3   5   1  10  22  26  21
   4   3   1  21   2
   5   3   2   3  12
   6   5   2  21  30  25   3
   7   5   3   4  13  17  12
   8   3   3  25   4
   9   3   4   5  13
  10   5   4  25  29  24   5
  11   5   5   6  14  18  13
  12   3   5  24   6
  13   3   6   7  14
  14   5   6  24  28  23   7
  15   5   7   8  15  19  14
  16   3   7  23   8
  17   3   8   9  15
  18   5   8  23  27  22   9
  19   5   9  10  11  20  15
  20   3   9  22  10
  21   3  11  16  20
  22   3  12  17  16
  23   3  13  18  17
  24   3  14  19  18
  25   3  15  20  19
  26   5  16  17  18  19  20
  27   3  21  26  30
  28   3  22  27  26
  29   3  23  28  27
  30   3  24  29  28
  31   3  25  30  29
  32   5  26  27  28  29  30
  30
   1 -3.09016993749896e-01 -9.51056516051397e-01 -5.03180746886560e-17
   2 -8.09016993588833e-01 -5.87785252110859e-01 -5.03180746886560e-17
   3 -9.99999999472260e-01  3.32403946015517e-11 -5.03180746886560e-17
   4 -8.09016994430361e-01  5.87785252160188e-01 -5.03180746886560e-17
   5 -3.09016995111516e-01  9.51056516055828e-01 -5.03180746886560e-17
   6  3.09016993129954e-01  9.51056516055834e-01 -5.03180746886560e-17
   7  8.09016993001508e-01  5.87785252160188e-01 -5.03180746886560e-17
   8  9.99999998937715e-01  3.32403946015517e-11 -5.03180746886560e-17
   9  8.09016993948601e-01 -5.87785252110856e-01 -5.03180746886560e-17
  10  3.09016994662373e-01 -9.51056516051397e-01 -5.03180746886560e-17
  11  4.72258368754802e-10 -8.50650807868913e-01 -5.25731111781663e-01
  12 -8.09016993573684e-01 -2.62865555889258e-01 -5.25731111518610e-01
  13 -4.99999999151233e-01  6.88190959631770e-01 -5.25731111806481e-01
  14  5.00000000213218e-01  6.88190959523144e-01 -5.25731111806481e-01
  15  8.09016994322623e-01 -2.62865556190037e-01 -5.25731111806481e-01
  16 -3.09016993800095e-01 -4.25325403778152e-01 -8.50650807571507e-01
  17 -4.99999999163324e-01  1.62459847820332e-01 -8.50650807844845e-01
  18  5.07952867346328e-10  5.25731111495316e-01 -8.50650807844845e-01
  19  5.00000000107762e-01  1.62459847721966e-01 -8.50650807844845e-01
  20  3.09016994595524e-01 -4.25325403591169e-01 -8.50650807472882e-01
  21 -4.99999999238949e-01 -6.88190959801621e-01  5.25731111781663e-01
  22  5.00000000034655e-01 -6.88190959933146e-01  5.25731111518609e-01
  23  8.09016993175565e-01  2.62865556004279e-01  5.25731111806481e-01
  24 -9.30417372827394e-10  8.50650808055857e-01  5.25731111806481e-01
  25 -8.09016994119956e-01  2.62865555973810e-01  5.25731111806481e-01
  26  3.77838834530456e-10 -5.25731111684861e-01  8.50650807571507e-01
  27  4.99999999369663e-01 -1.62459848025261e-01  8.50650807844845e-01
  28  3.09016993465788e-01  4.25325403985038e-01  8.50650807844845e-01
  29 -3.09016994654752e-01  4.25325403979742e-01  8.50650807844845e-01
  30 -4.99999999337722e-01 -1.62459847602835e-01  8.50650807472882e-01
