  12
   1   3   2   7   6
   2   3   3   7   1
   3   3   4   8   2
   4   3   5   8   3
   5   3   6   9   4
   6   3   1   9   5
   7   3  10   1   2
   8   3  11   3   4
   9   3  12   5   6
  10   3  11  12   7
  11   3  12  10   8
  12   3  10  11   9
  12
   1   3   1   2   3
   2   3   4   1   3
   3   3   5   4   3
   4   3   6   5   3
   5   3   7   6   3
   6   3   2   7   3
   7   3   2   1   4
   8   3   4   5   6
   9   3   6   7   2
  10   3   8   2   4
  11   3   8   4   6
  12   3   8   6   2
   8
   1   3   1   2   7
   2   6   1   7  10  12   9   6
   3   6   1   6   5   4   3   2
   4   6   2   3   8  11  10   7
   5   3   3   4   8
   6   6   4   5   9  12  11   8
   7   3   5   6   9
   8   3  10  11  12
  12
   1 -4.26401432718421e-01 -7.38548945893078e-01  5.22232967837057e-01
   2 -8.52802865425176e-01  7.72842719272584e-11  5.22232967837057e-01
   3 -4.26401432652105e-01  7.38548945856211e-01  5.22232967837057e-01
   4  4.26401432717192e-01  7.38548945779629e-01  5.22232967837057e-01
   5  8.52802865357632e-01 -7.58671943069022e-11  5.22232967837057e-01
   6  4.26401432650878e-01 -7.38548945893078e-01  5.22232967837057e-01
   7 -8.52802865358860e-01 -4.92365963856161e-01 -1.74077655954376e-01
   8  7.67556727187030e-11  9.84731927688924e-01 -1.74077655954376e-01
   9  8.52802865376052e-01 -4.92365963842689e-01 -1.74077655992480e-01
  10 -4.26401432725790e-01 -2.46182981839097e-01 -8.70388279689659e-01
  11  6.57033762092463e-11  4.92365963825673e-01 -8.70388279709709e-01
  12  4.26401432636140e-01 -2.46182981827753e-01 -8.70388279721742e-01
