  24
   1   3   7   6   2
   2   3   3   8   1
   3   3   4   9   2
   4   3   5  10   3
   5   3   6  11   4
   6   3  12   5   1
   7   3  13  12   1
   8   3   9  14   2
   9   3  15   8   3
  10   3  11  16   4
  11   3  17  10   5
  12   3   7  18   6
  13   3  14  19   7
  14   3  20  13   8
  15   3  16  21   9
  16   3  22  15  10
  17   3  18  23  11
  18   3  24  17  12
  19   3  20  24  13
  20   3  21  19  14
  21   3  22  20  15
  22   3  23  21  16
  23   3  24  22  17
  24   3  19  23  18
  24
   1   3   1   2   3
   2   3   4   3   2
   3   3   5   4   2
   4   3   6   5   2
   5   3   7   6   2
   6   3   7   2   1
   7   3   8   1   3
   8   3   9   3   4
   9   3   9   4   5
  10   3  10   5   6
  11   3  10   6   7
  12   3   8   7   1
  13   3  11   8   3
  14   3  11   3   9
  15   3  12   9   5
  16   3  12   5  10
  17   3  13  10   7
  18   3  13   7   8
  19   3  14   8  11
  20   3  14  11   9
  21   3  14   9  12
  22   3  14  12  10
  23   3  14  10  13
  24   3  14  13   8
  14
   1   4   1   7  12   6
   2   6   1   6   5   4   3   2
   3   6   1   2   8  14  13   7
   4   4   2   3   9   8
   5   6   3   4  10  16  15   9
   6   4   4   5  11  10
   7   6   5   6  12  18  17  11
   8   6   7  13  19  24  18  12
   9   6   8   9  15  21  20  14
  10   6  10  11  17  23  22  16
  11   4  13  14  20  19
  12   4  15  16  22  21
  13   4  17  18  24  23
  14   6  19  20  21  22  23  24
  24
   1 -3.16227766033447e-01 -5.47722557493928e-01  7.74596669227207e-01
   2 -6.32455532051161e-01  8.84760227205742e-11  7.74596669227207e-01
   3 -3.16227765984265e-01  5.47722557528908e-01  7.74596669227207e-01
   4  3.16227766018374e-01  5.47722557472113e-01  7.74596669227207e-01
   5  6.32455531986908e-01 -2.51041444991564e-11  7.74596669227207e-01
   6  3.16227765969194e-01 -5.47722557493928e-01  7.74596669227207e-01
   7 -3.16227766005051e-01 -9.12870929173897e-01  2.58198889724324e-01
   8 -9.48683297993120e-01  1.82574185939382e-01  2.58198889767454e-01
   9 -6.32455531936404e-01  7.30296743344301e-01  2.58198889724324e-01
  10  6.32455532077077e-01  7.30296743207058e-01  2.58198889791251e-01
  11  9.48683297943437e-01  1.82574185782679e-01  2.58198889724324e-01
  12  3.16227765947335e-01 -9.12870929177671e-01  2.58198889718987e-01
  13 -6.32455532033534e-01 -7.30296743186802e-01 -2.58198889754762e-01
  14 -9.48683298001156e-01 -1.82574185657507e-01 -2.58198889707170e-01
  15 -3.16227765853114e-01  9.12870929112367e-01 -2.58198889805333e-01
  16  3.16227766149526e-01  9.12870929027182e-01 -2.58198889725018e-01
  17  9.48683297874057e-01 -1.82574185911486e-01 -2.58198889805333e-01
  18  6.32455531831754e-01 -7.30296743366111e-01 -2.58198889725018e-01
  19 -3.16227766015963e-01 -5.47722557331156e-01 -7.74596669244244e-01
  20 -6.32455532011979e-01  1.89993949176238e-10 -7.74596669156118e-01
  21 -3.16227765808325e-01  5.47722557376290e-01 -7.74596669255154e-01
  22  3.16227766206314e-01  5.47722557316959e-01 -7.74596669138270e-01
  23  6.32455531766769e-01 -1.01164525958735e-10 -7.74596669255154e-01
  24  3.16227765956774e-01 -5.47722557466957e-01 -7.74596669242334e-01
