  24
   1   3   2   9   8
   2   3   3  10   1
   3   3   4  10   2
   4   3   5  11   3
   5   3   6  11   4
   6   3   7  12   5
   7   3   8  12   6
   8   3   1   9   7
   9   3  13   8   1
  10   3  14   2   3
  11   3  15   4   5
  12   3  16   6   7
  13   3  17  24   9
  14   3  19  18  10
  15   3  21  20  11
  16   3  23  22  12
  17   3  18  24  13
  18   3  19  17  14
  19   3  20  18  14
  20   3  21  19  15
  21   3  22  20  15
  22   3  23  21  16
  23   3  24  22  16
  24   3  17  23  13
  24
   1   3   1   2   3
   2   3   4   1   3
   3   3   5   4   3
   4   3   6   5   3
   5   3   7   6   3
   6   3   8   7   3
   7   3   9   8   3
   8   3   2   9   3
   9   3   9   2   1
  10   3   1   4   5
  11   3   5   6   7
  12   3   7   8   9
  13   3  10   9   1
  14   3  11   1   5
  15   3  12   5   7
  16   3  13   7   9
  17   3  14  10   1
  18   3  14   1  11
  19   3  14  11   5
  20   3  14   5  12
  21   3  14  12   7
  22   3  14   7  13
  23   3  14  13   9
  24   3  14   9  10
  14
   1   8   1   2  10  14  18  17  13   9
   2   3   1   9   8
   3   8   1   8   7   6   5   4   3   2
   4   3   2   3  10
   5   8   3   4  11  15  20  19  14  10
   6   3   4   5  11
   7   8   5   6  12  16  22  21  15  11
   8   3   6   7  12
   9   8   7   8   9  13  24  23  16  12
  10   3  13  17  24
  11   3  14  19  18
  12   3  15  21  20
  13   3  16  23  22
  14   8  17  18  19  20  21  22  23  24
  24
   1 -2.81084637676955e-01 -6.78598344510970e-01  6.78598344501277e-01
   2 -6.78598344534399e-01 -2.81084637599985e-01  6.78598344501277e-01
   3 -6.78598344458680e-01  2.81084637783004e-01  6.78598344501277e-01
   4 -2.81084637616022e-01  6.78598344536432e-01  6.78598344501277e-01
   5  2.81084637766970e-01  6.78598344485950e-01  6.78598344501277e-01
   6  6.78598344538241e-01  2.81084637661137e-01  6.78598344501277e-01
   7  6.78598344513000e-01 -2.81084637721852e-01  6.78598344501277e-01
   8  2.81084637706036e-01 -6.78598344510970e-01  6.78598344501277e-01
   9  2.91123220515770e-11 -9.59682982271901e-01  2.81084637676466e-01
  10 -9.59682982200235e-01  8.67072156820045e-11  2.81084637724779e-01
  11  1.15285529304974e-10  9.59682982150253e-01  2.81084637676465e-01
  12  9.59682982164683e-01 -5.75454622751848e-11  2.81084637676465e-01
  13 -8.84625905130681e-11 -9.59682982178374e-01 -2.81084637736992e-01
  14 -9.59682982269494e-01  1.31916808637721e-10 -2.81084637627745e-01
  15  1.66359728149617e-10  9.59682982124422e-01 -2.81084637688679e-01
  16  9.59682982138851e-01 -1.08624154879395e-10 -2.81084637688679e-01
  17 -2.81084637844167e-01 -6.78598344401816e-01 -6.78598344472571e-01
  18 -6.78598344636981e-01 -2.81084637555461e-01 -6.78598344427317e-01
  19 -6.78598344365842e-01  2.81084637690167e-01 -6.78598344520884e-01
  20 -2.81084637523184e-01  6.78598344443590e-01 -6.78598344495643e-01
  21  2.81084637674132e-01  6.78598344393113e-01 -6.78598344520884e-01
  22  6.78598344445405e-01  2.81084637568300e-01 -6.78598344495643e-01
  23  6.78598344386394e-01 -2.81084637704547e-01 -6.78598344547525e-01
  24  2.81084637569952e-01 -6.78598344432944e-01 -6.78598344541830e-01
