  60
   1   3   6   7   2
   2   3   1  10   3
   3   3   2  12   4
   4   3   3  15   5
   5   3   4  17   6
   6   3   5  20   1
   7   3  21   8   1
   8   3  22   9   7
   9   3  24  10   8
  10   3   9  11   2
  11   3  26  12  10
  12   3  11  13   3
  13   3  28  14  12
  14   3  30  15  13
  15   3  14  16   4
  16   3  32  17  15
  17   3  16  18   5
  18   3  34  19  17
  19   3  36  20  18
  20   3  19  21   6
  21   3  38   7  20
  22   3  39  23   8
  23   3  40  24  22
  24   3  23  25   9
  25   3  42  26  24
  26   3  25  27  11
  27   3  43  28  26
  28   3  27  29  13
  29   3  45  30  28
  30   3  29  31  14
  31   3  47  32  30
  32   3  31  33  16
  33   3  48  34  32
  34   3  33  35  18
  35   3  50  36  34
  36   3  35  37  19
  37   3  52  38  36
  38   3  37  39  21
  39   3  53  22  38
  40   3  54  41  23
  41   3  56  42  40
  42   3  41  43  25
  43   3  42  44  27
  44   3  57  45  43
  45   3  44  46  29
  46   3  58  47  45
  47   3  46  48  31
  48   3  47  49  33
  49   3  59  50  48
  50   3  49  51  35
  51   3  60  52  50
  52   3  51  53  37
  53   3  52  54  39
  54   3  55  40  53
  55   3  60  56  54
  56   3  55  57  41
  57   3  56  58  44
  58   3  57  59  46
  59   3  58  60  49
  60   3  59  55  51
  60
   1   3   1   2   3
   2   3   2   4   3
   3   3   4   5   3
   4   3   5   6   3
   5   3   6   7   3
   6   3   7   1   3
   7   3   8   2   1
   8   3   9   2   8
   9   3  10   2   9
  10   3  10   4   2
  11   3  11   4  10
  12   3  11   5   4
  13   3  12   5  11
  14   3  13   5  12
  15   3  13   6   5
  16   3  14   6  13
  17   3  14   7   6
  18   3  15   7  14
  19   3  16   7  15
  20   3  16   1   7
  21   3   8   1  16
  22   3  17   9   8
  23   3  18   9  17
  24   3  18  10   9
  25   3  19  10  18
  26   3  19  11  10
  27   3  20  11  19
  28   3  20  12  11
  29   3  21  12  20
  30   3  21  13  12
  31   3  22  13  21
  32   3  22  14  13
  33   3  23  14  22
  34   3  23  15  14
  35   3  24  15  23
  36   3  24  16  15
  37   3  25  16  24
  38   3  25   8  16
  39   3  17   8  25
  40   3  26  18  17
  41   3  27  18  26
  42   3  27  19  18
  43   3  27  20  19
  44   3  28  20  27
  45   3  28  21  20
  46   3  29  21  28
  47   3  29  22  21
  48   3  29  23  22
  49   3  30  23  29
  50   3  30  24  23
  51   3  31  24  30
  52   3  31  25  24
  53   3  31  17  25
  54   3  26  17  31
  55   3  32  26  31
  56   3  32  27  26
  57   3  32  28  27
  58   3  32  29  28
  59   3  32  30  29
  60   3  32  31  30
  32
   1   5   1   6  20  21   7
   2   6   1   7   8   9  10   2
   3   6   1   2   3   4   5   6
   4   5   2  10  11  12   3
   5   6   3  12  13  14  15   4
   6   5   4  15  16  17   5
   7   6   5  17  18  19  20   6
   8   6   7  21  38  39  22   8
   9   5   8  22  23  24   9
  10   6   9  24  25  26  11  10
  11   6  11  26  27  28  13  12
  12   5  13  28  29  30  14
  13   6  14  30  31  32  16  15
  14   6  16  32  33  34  18  17
  15   5  18  34  35  36  19
  16   6  19  36  37  38  21  20
  17   6  22  39  53  54  40  23
  18   6  23  40  41  42  25  24
  19   5  25  42  43  27  26
  20   6  27  43  44  45  29  28
  21   6  29  45  46  47  31  30
  22   5  31  47  48  33  32
  23   6  33  48  49  50  35  34
  24   6  35  50  51  52  37  36
  25   5  37  52  53  39  38
  26   5  40  54  55  56  41
  27   6  41  56  57  44  43  42
  28   5  44  57  58  46  45
  29   6  46  58  59  49  48  47
  30   5  49  59  60  51  50
  31   6  51  60  55  54  53  52
  32   6  55  60  59  58  57  56
  60
   1 -2.01774106227070e-01 -2.77718231936888e-01  9.39233620314849e-01
   2 -4.03548212363448e-01 -5.55436463676171e-01  7.27075769798174e-01
   3 -2.01774106240127e-01 -8.33154695371105e-01  5.14917919315378e-01
   4  2.01774106061412e-01 -8.33154695379511e-01  5.14917919308958e-01
   5  4.03548212244862e-01 -5.55436463673805e-01  7.27075769799982e-01
   6  2.01774106087527e-01 -2.77718231936888e-01  9.39233620314849e-01
   7 -3.26477361876644e-01  1.06078925078321e-01  9.39233620314849e-01
   8 -6.52954723630076e-01  2.12157850328361e-01  7.27075769815693e-01
   9 -8.54728829771890e-01 -6.55603813582432e-02  5.14917919307501e-01
  10 -7.30025574160217e-01 -4.49357538345818e-01  5.14917919286488e-01
  11 -7.30025574149623e-01 -6.61515388594251e-01  1.71639306288395e-01
  12 -4.03548212367073e-01 -8.98715076468814e-01  1.71639306278702e-01
  13 -2.01774106237624e-01 -9.64275457577153e-01 -1.71639306776009e-01
  14  2.01774106083402e-01 -9.64275457588597e-01 -1.71639306798353e-01
  15  4.03548212268813e-01 -8.98715076492999e-01  1.71639306227270e-01
  16  7.30025574018547e-01 -6.61515388848083e-01  1.71639306254828e-01
  17  7.30025574068716e-01 -4.49357538423256e-01  5.14917919312917e-01
  18  8.54728829713239e-01 -6.55603814794469e-02  5.14917919346391e-01
  19  6.52954723593999e-01  2.12157850257486e-01  7.27075769833585e-01
  20  3.26477361756153e-01  1.06078925019690e-01  9.39233620314849e-01
  21 -3.89470741676131e-11  3.43278612830653e-01  9.39233620314849e-01
  22 -6.52954723515089e-01  5.55436463312334e-01  5.14917919350608e-01
  23 -8.54728829571266e-01  4.89876082096341e-01  1.71639306280591e-01
  24 -9.79432085311308e-01  1.06078925162967e-01  1.71639306221544e-01
  25 -9.79432085052371e-01 -1.06078924717697e-01 -1.71639306574695e-01
  26 -8.54728829584660e-01 -4.89876081786449e-01 -1.71639306597330e-01
  27 -6.52954723223501e-01 -5.55436462849297e-01 -5.14917919551311e-01
  28 -3.26477361426697e-01 -7.92636150723244e-01 -5.14917919607481e-01
  29 -1.54817060451608e-10 -6.86557225478389e-01 -7.27075770077051e-01
  30  3.26477361711021e-01 -7.92636150856427e-01 -5.14917919708642e-01
  31  6.52954723486627e-01 -5.55436463048275e-01 -5.14917919625378e-01
  32  8.54728829682936e-01 -4.89876081943927e-01 -1.71639306603270e-01
  33  9.79432085244691e-01 -1.06078925403328e-01 -1.71639306753596e-01
  34  9.79432085299315e-01  1.06078925033169e-01  1.71639306326942e-01
  35  8.54728829656685e-01  4.89876081989954e-01  1.71639306331950e-01
  36  6.52954723552974e-01  5.55436463305090e-01  5.14917919371225e-01
  37  3.26477361682522e-01  7.92636151095918e-01  5.14917919398767e-01
  38  1.17898390591217e-10  6.86557225768726e-01  7.27075769905832e-01
  39 -3.26477361622138e-01  7.92636151074558e-01  5.14917919378207e-01
  40 -7.30025573705507e-01  6.61515388550539e-01 -1.71639306675279e-01
  41 -7.30025573569353e-01  4.49357538108192e-01 -5.14917919682593e-01
  42 -8.54728829306902e-01  6.55603811702307e-02 -5.14917919761479e-01
  43 -6.52954723095754e-01 -2.12157849655463e-01 -7.27075769786536e-01
  44 -3.26477361205215e-01 -1.06078924360503e-01 -9.39233620047254e-01
  45  5.77092674146339e-10 -3.43278612189686e-01 -9.39233620124582e-01
  46  3.26477361419852e-01 -1.06078924523425e-01 -9.39233620110454e-01
  47  6.52954723350554e-01 -2.12157849889280e-01 -7.27075769817376e-01
  48  8.54728829449528e-01  6.55603817660366e-02 -5.14917919224013e-01
  49  7.30025573817213e-01  4.49357537928101e-01 -5.14917919702912e-01
  50  7.30025573915219e-01  6.61515388445459e-01 -1.71639306672047e-01
  51  4.03548212097805e-01  8.98715076202506e-01 -1.71639306664625e-01
  52  2.01774105980605e-01  9.64275457529265e-01  1.71639306366918e-01
  53 -2.01774105738622e-01  9.64275457420161e-01  1.71639306544471e-01
  54 -4.03548211761438e-01  8.98715076237441e-01 -1.71639306563799e-01
  55 -2.01774105450810e-01  8.33154694917829e-01 -5.14917919299468e-01
  56 -4.03548211581499e-01  5.55436463242250e-01 -7.27075769904889e-01
  57 -2.01774105328058e-01  2.77718231474520e-01 -9.39233620199811e-01
  58  2.01774104555957e-01  2.77718231583414e-01 -9.39233618475297e-01
  59  4.03548209885550e-01  5.55436462870243e-01 -7.27075766227282e-01
  60  2.01774105887030e-01  8.33154694776668e-01 -5.14917919612759e-01
