  60
   1   3   2  11  10
   2   3   3  24   1
   3   3   4  24   2
   4   3   5  30   3
   5   3   6  30   4
   6   3   7  36   5
   7   3   8  36   6
   8   3   9  18   7
   9   3  10  18   8
  10   3   1  11   9
  11   3  12  10   1
  12   3  19  13  11
  13   3  14  12  19
  14   3  15  13  41
  15   3  16  14  41
  16   3  17  15  40
  17   3  18  16  40
  18   3   9  17   8
  19   3  12  20  13
  20   3  19  21  46
  21   3  20  22  46
  22   3  21  23  25
  23   3  24  25  22
  24   3  23   2   3
  25   3  23  26  22
  26   3  25  27  50
  27   3  26  28  50
  28   3  27  29  31
  29   3  28  30  31
  30   3  29   4   5
  31   3  29  32  28
  32   3  31  33  54
  33   3  32  34  54
  34   3  33  35  37
  35   3  34  36  37
  36   3  35   6   7
  37   3  35  38  34
  38   3  37  39  58
  39   3  38  40  58
  40   3  39  17  16
  41   3  14  42  15
  42   3  60  41  43
  43   3  60  42  44
  44   3  47  43  45
  45   3  47  44  46
  46   3  45  20  21
  47   3  45  48  44
  48   3  47  49  51
  49   3  50  51  48
  50   3  26  27  49
  51   3  52  48  49
  52   3  53  55  51
  53   3  54  55  52
  54   3  53  32  33
  55   3  53  56  52
  56   3  59  55  57
  57   3  58  59  56
  58   3  38  39  57
  59   3  57  60  56
  60   3  59  42  43
  60
   1   3   1   2   3
   2   3   4   1   3
   3   3   5   4   3
   4   3   6   5   3
   5   3   7   6   3
   6   3   8   7   3
   7   3   9   8   3
   8   3  10   9   3
   9   3  11  10   3
  10   3   2  11   3
  11   3  11   2   1
  12   3  12  11   1
  13   3  11  12  13
  14   3  11  13  14
  15   3  11  14  15
  16   3  11  15  16
  17   3  11  16   9
  18   3  11   9  10
  19   3   1  13  12
  20   3   1  17  13
  21   3   1  18  17
  22   3   1  19  18
  23   3   5  19   1
  24   3   1   4   5
  25   3   5  18  19
  26   3   5  20  18
  27   3   5  21  20
  28   3   5  22  21
  29   3   5   7  22
  30   3   5   6   7
  31   3   7  21  22
  32   3   7  23  21
  33   3   7  24  23
  34   3   7  25  24
  35   3   7   9  25
  36   3   7   8   9
  37   3   9  24  25
  38   3   9  26  24
  39   3   9  15  26
  40   3   9  16  15
  41   3  13  15  14
  42   3  15  13  27
  43   3  27  13  28
  44   3  28  13  29
  45   3  29  13  18
  46   3  13  17  18
  47   3  18  28  29
  48   3  18  30  28
  49   3  21  30  18
  50   3  20  21  18
  51   3  28  30  21
  52   3  31  28  21
  53   3  24  31  21
  54   3  21  23  24
  55   3  24  28  31
  56   3  28  24  32
  57   3  15  32  24
  58   3  26  15  24
  59   3  15  28  32
  60   3  15  27  28
  32
   1  10   1   2  24  23  22  21  20  19  12  11
   2   3   1  11  10
   3  10   1  10   9   8   7   6   5   4   3   2
   4   3   2   3  24
   5  10   3   4  30  29  28  27  26  25  23  24
   6   3   4   5  30
   7  10   5   6  36  35  34  33  32  31  29  30
   8   3   6   7  36
   9  10   7   8  18  17  40  39  38  37  35  36
  10   3   8   9  18
  11  10   9  10  11  12  13  14  15  16  17  18
  12   3  12  19  13
  13  10  13  19  20  46  45  44  43  42  41  14
  14   3  14  41  15
  15  10  15  41  42  60  59  57  58  39  40  16
  16   3  16  40  17
  17   3  20  21  46
  18  10  21  22  25  26  50  49  48  47  45  46
  19   3  22  23  25
  20   3  26  27  50
  21  10  27  28  31  32  54  53  52  51  49  50
  22   3  28  29  31
  23   3  32  33  54
  24  10  33  34  37  38  58  57  56  55  53  54
  25   3  34  35  37
  26   3  38  39  58
  27   3  42  43  60
  28  10  43  44  47  48  51  52  55  56  59  60
  29   3  44  45  47
  30   3  48  49  51
  31   3  52  53  55
  32   3  56  57  59
  60
   1 -1.68381405777504e-01 -5.18224680252581e-01  8.38505146905327e-01
   2 -4.40828243451024e-01 -3.20280466032294e-01  8.38505146905327e-01
   3 -5.44893675245541e-01  3.47295688691238e-10  8.38505146905327e-01
   4 -4.40828243364747e-01  3.20280466698849e-01  8.38505146905327e-01
   5 -1.68381405730971e-01  5.18224680815505e-01  8.38505146905327e-01
   6  1.68381405812861e-01  5.18224680785267e-01  8.38505146905327e-01
   7  4.40828243411088e-01  3.20280466619682e-01  8.38505146905327e-01
   8  5.44893675234364e-01  2.49439149396465e-10  8.38505146905327e-01
   9  4.40828243382328e-01 -3.20280466111461e-01  8.38505146905327e-01
  10  1.68381405766327e-01 -5.18224680252581e-01  8.38505146905327e-01
  11  3.14105600678575e-12 -7.49981803096208e-01  6.61458459493757e-01
  12 -1.59158428013788e-10 -9.27028490682286e-01  3.74990901675481e-01
  13  1.68381405568627e-01 -9.81738926169827e-01  8.85233437704040e-02
  14  4.40828243210057e-01 -8.93215582747639e-01 -8.85233437124271e-02
  15  7.13275080984933e-01 -6.95271368825191e-01 -8.85233438663951e-02
  16  8.81656486971356e-01 -4.63514246231955e-01  8.85233434102832e-02
  17  8.81656486673876e-01 -2.86467557651621e-01  3.74990901554712e-01
  18  7.13275080963397e-01 -2.31757122402544e-01  6.61458459436471e-01
  19 -1.68381406024815e-01 -9.81738926055715e-01  8.85233438982324e-02
  20 -4.40828243672306e-01 -8.93215582429856e-01 -8.85233434734367e-02
  21 -7.13275081253466e-01 -6.95271368270138e-01 -8.85233434628624e-02
  22 -8.81656486945468e-01 -4.63514245505002e-01  8.85233439259176e-02
  23 -8.81656486851003e-01 -2.86467557890956e-01  3.74990901709700e-01
  24 -7.13275081006155e-01 -2.31757122497244e-01  6.61458459495306e-01
  25 -9.85721918527097e-01 -1.43233778580959e-01  8.85233436266027e-02
  26 -9.85721918445628e-01  1.43233779280019e-01 -8.85233438094317e-02
  27 -8.81656486558403e-01  4.63514245629488e-01 -8.85233437959073e-02
  28 -7.13275080790209e-01  6.95271368261373e-01  8.85233436620066e-02
  29 -5.44893675067447e-01  7.49981803470068e-01  3.74990901554712e-01
  30 -4.40828243307126e-01  6.06748024539544e-01  6.61458459436471e-01
  31 -4.40828243322188e-01  8.93215582288215e-01  8.85233436266027e-02
  32 -1.68381405689350e-01  9.81738925936651e-01 -8.85233438094317e-02
  33  1.68381405854482e-01  9.81738925899650e-01 -8.85233437959073e-02
  34  4.40828243453648e-01  8.93215582191346e-01  8.85233436620066e-02
  35  5.44893675278440e-01  7.49981803308651e-01  3.74990901554712e-01
  36  4.40828243419039e-01  6.06748024450113e-01  6.61458459436471e-01
  37  7.13275080915236e-01  6.95271368155650e-01  8.85233436266027e-02
  38  8.81656486636900e-01  4.63514245473240e-01 -8.85233438094317e-02
  39  9.85721918453744e-01  1.43233779100909e-01 -8.85233437959073e-02
  40  9.85721918467868e-01 -1.43233778746549e-01  8.85233436620066e-02
  41  5.44893675080063e-01 -7.49981803988471e-01 -3.74990901605472e-01
  42  4.40828243280414e-01 -6.06748024992877e-01 -6.61458459564496e-01
  43  1.68381405670488e-01 -5.18224681103971e-01 -8.38505146915555e-01
  44 -1.68381405881719e-01 -5.18224680833291e-01 -8.38505146798580e-01
  45 -4.40828243517351e-01 -6.06748024284229e-01 -6.61458459258250e-01
  46 -5.44893675392773e-01 -7.49981803058175e-01 -3.74990901335651e-01
  47 -4.40828242945158e-01 -3.20280466055912e-01 -8.38505146766019e-01
  48 -5.44893674774608e-01  3.12326222286501e-10 -8.38505146800988e-01
  49 -7.13275080604309e-01  2.31757122967822e-01 -6.61458459432475e-01
  50 -8.81656486477930e-01  2.86467558182923e-01 -3.74990901640115e-01
  51 -4.40828243230888e-01  3.20280466210441e-01 -8.38505146766015e-01
  52 -1.68381405618702e-01  5.18224680356814e-01 -8.38505146800985e-01
  53  1.34177139846694e-10  7.49981803068125e-01 -6.61458459432475e-01
  54  9.67870503280284e-11  9.27028490598288e-01 -3.74990901640115e-01
  55  1.68381405389722e-01  5.18224680507034e-01 -8.38505146766019e-01
  56  4.40828243009542e-01  3.20280466371165e-01 -8.38505146800988e-01
  57  7.13275080679512e-01  2.31757122701972e-01 -6.61458459432475e-01
  58  8.81656486530025e-01  2.86467557988190e-01 -3.74990901640118e-01
  59  5.44893675760374e-01 -9.15005781426898e-10 -8.38505147340401e-01
  60  4.40828243540229e-01 -3.20280467101501e-01 -8.38505147203396e-01
