  24
   1   4   2   9   8  17
   2   4   3  10   1  17
   3   4   4  11   2  20
   4   4   5  12   3  20
   5   4   6  13   4  19
   6   4   7  14   5  19
   7   4   8  15   6  18
   8   4   1  16   7  18
   9   4  16   1  10  21
  10   4   9   2  11  21
  11   4  10   3  12  22
  12   4  11   4  13  22
  13   4  12   5  14  23
  14   4  13   6  15  23
  15   4  14   7  16  24
  16   4  15   8   9  24
  17   4  18  20   2   1
  18   4  19  17   8   7
  19   4  20  18   6   5
  20   4  17  19   4   3
  21   4  22  24   9  10
  22   4  23  21  11  12
  23   4  24  22  13  14
  24   4  21  23  15  16
  24
   1   4   1   2   3   4
   2   4   5   1   4   6
   3   4   7   5   6   8
   4   4   9   7   8  10
   5   4  11   9  10  12
   6   4  13  11  12  14
   7   4  15  13  14  16
   8   4   2  15  16   3
   9   4   2   1  17  18
  10   4   1   5  19  17
  11   4   5   7  20  19
  12   4   7   9  21  20
  13   4   9  11  22  21
  14   4  11  13  23  22
  15   4  13  15  24  23
  16   4  15   2  18  24
  17   4  25   6   4   3
  18   4  25   3  16  14
  19   4  25  14  12  10
  20   4  25  10   8   6
  21   4  26  18  17  19
  22   4  26  19  20  21
  23   4  26  21  22  23
  24   4  26  23  24  18
  26
   1   4   1   2  10   9
   2   4   1   9  16   8
   3   4   1   8  18  17
   4   3   1  17   2
   5   4   2   3  11  10
   6   4   2  17  20   3
   7   4   3   4  12  11
   8   3   3  20   4
   9   4   4   5  13  12
  10   4   4  20  19   5
  11   4   5   6  14  13
  12   3   5  19   6
  13   4   6   7  15  14
  14   4   6  19  18   7
  15   4   7   8  16  15
  16   3   7  18   8
  17   3   9  10  21
  18   4   9  21  24  16
  19   4  10  11  22  21
  20   3  11  12  22
  21   4  12  13  23  22
  22   3  13  14  23
  23   4  14  15  24  23
  24   3  15  16  24
  25   4  17  18  19  20
  26   4  21  22  23  24
  24
   1 -3.57406743976453e-01 -8.62856208736854e-01  3.57406744188952e-01
   2 -8.62856208798823e-01 -3.57406743846405e-01  3.57406744188952e-01
   3 -8.62856209076645e-01  3.57406744447750e-01  3.57406744188952e-01
   4 -3.57406744647177e-01  8.62856209292813e-01  3.57406744188952e-01
   5  3.57406743337069e-01  8.62856209292813e-01  3.57406744188952e-01
   6  8.62856208204832e-01  3.57406744447757e-01  3.57406744188952e-01
   7  8.62856208546827e-01 -3.57406743846406e-01  3.57406744188952e-01
   8  3.57406744162748e-01 -8.62856208736854e-01  3.57406744188952e-01
   9 -3.57406743944360e-01 -8.62856208659375e-01 -3.57406743950248e-01
  10 -8.62856208734638e-01 -3.57406743801019e-01 -3.57406743840676e-01
  11 -8.62856208625066e-01  3.57406744260705e-01 -3.57406743950248e-01
  12 -3.57406743679833e-01  8.62856208499234e-01 -3.57406744214779e-01
  13  3.57406744582236e-01  8.62856208028858e-01 -3.57406744479310e-01
  14  8.62856209327125e-01  3.57406743125116e-01 -3.57406744588877e-01
  15  8.62856209217551e-01 -3.57406744781655e-01 -3.57406744479310e-01
  16  3.57406744317705e-01 -8.62856209065566e-01 -3.57406744214779e-01
  17 -3.57406743944360e-01 -3.57406743637045e-01  8.62856208801963e-01
  18  3.57406744001143e-01 -3.57406743819396e-01  8.62856208619613e-01
  19  3.57406743497917e-01  3.57406744392967e-01  8.62856208866148e-01
  20 -3.57406744395941e-01  3.57406744366762e-01  8.62856208866148e-01
  21 -3.57406743844572e-01 -3.57406743937175e-01 -8.62856208563261e-01
  22 -3.57406743917351e-01  3.57406743930854e-01 -8.62856208490478e-01
  23  3.57406744262921e-01  3.57406743299252e-01 -8.62856209001549e-01
  24  3.57406744127145e-01 -3.57406744517127e-01 -8.62856208891975e-01
