  60
   1   4   2  11  10  46
   2   4   3  12   1  50
   3   4   4  13   2  50
   4   4   5  14   3  49
   5   4   6  15   4  49
   6   4   7  16   5  48
   7   4   8  17   6  48
   8   4   9  18   7  47
   9   4  10  19   8  47
  10   4   1  20   9  46
  11   4  22  21  20   1
  12   4  22   2  13  51
  13   4  12   3  23  51
  14   4  15  45  23   4
  15   4   5  24  45  14
  16   4  17  44  24   6
  17   4  25  44  16   7
  18   4  25   8  19  56
  19   4  18   9  26  56
  20   4  11  21  26  10
  21   4  27  33  20  11
  22   4  27  11  12  55
  23   4  13  14  32  52
  24   4  15  16  43  42
  25   4  38  17  18  60
  26   4  19  20  33  57
  27   4  28  21  22  55
  28   4  29  34  27  54
  29   4  30  35  28  54
  30   4  31  39  29  53
  31   4  32  40  30  53
  32   4  23  45  31  52
  33   4  26  21  34  57
  34   4  33  28  35  58
  35   4  34  29  36  58
  36   4  35  39  37  59
  37   4  36  41  38  59
  38   4  37  44  25  60
  39   4  40  41  36  30
  40   4  31  42  41  39
  41   4  39  40  43  37
  42   4  45  24  43  40
  43   4  42  24  44  41
  44   4  43  16  17  38
  45   4  14  15  42  32
  46   4  47  50   1  10
  47   4  48  46   9   8
  48   4  49  47   7   6
  49   4  50  48   5   4
  50   4  46  49   3   2
  51   4  52  55  12  13
  52   4  53  51  23  32
  53   4  54  52  31  30
  54   4  55  53  29  28
  55   4  51  54  27  22
  56   4  57  60  18  19
  57   4  58  56  26  33
  58   4  59  57  34  35
  59   4  60  58  36  37
  60   4  56  59  38  25
  60
   1   4   1   2   3   4
   2   4   5   1   4   6
   3   4   7   5   6   8
   4   4   9   7   8  10
   5   4  11   9  10  12
   6   4  13  11  12  14
   7   4  15  13  14  16
   8   4  17  15  16  18
   9   4  19  17  18  20
  10   4   2  19  20   3
  11   4  21  22   2   1
  12   4   1   5  23  24
  13   4   5   7  25  23
  14   4  26  27   7   9
  15   4  11  28  26   9
  16   4  29  30  11  13
  17   4  31  29  13  15
  18   4  15  17  32  33
  19   4  17  19  34  32
  20   4  22  35  19   2
  21   4  36  35  22  21
  22   4  21   1  24  37
  23   4   7  27  38  25
  24   4  11  30  39  28
  25   4  31  15  33  40
  26   4  19  35  41  34
  27   4  36  21  37  42
  28   4  43  36  42  44
  29   4  45  43  44  46
  30   4  47  45  46  48
  31   4  49  47  48  50
  32   4  27  49  50  38
  33   4  35  36  51  41
  34   4  36  43  52  51
  35   4  43  45  53  52
  36   4  45  54  55  53
  37   4  54  56  57  55
  38   4  56  31  40  57
  39   4  58  54  45  47
  40   4  49  59  58  47
  41   4  58  59  56  54
  42   4  28  39  59  49
  43   4  39  30  56  59
  44   4  30  29  31  56
  45   4  26  28  49  27
  46   4  60   4   3  20
  47   4  60  20  18  16
  48   4  60  16  14  12
  49   4  60  12  10   8
  50   4  60   8   6   4
  51   4  61  24  23  25
  52   4  61  25  38  50
  53   4  61  50  48  46
  54   4  61  46  44  42
  55   4  61  42  37  24
  56   4  62  33  32  34
  57   4  62  34  41  51
  58   4  62  51  52  53
  59   4  62  53  55  57
  60   4  62  57  40  33
  62
   1   5   1   2  12  22  11
   2   4   1  11  20  10
   3   3   1  10  46
   4   4   1  46  50   2
   5   4   2   3  13  12
   6   3   2  50   3
   7   5   3   4  14  23  13
   8   4   3  50  49   4
   9   4   4   5  15  14
  10   3   4  49   5
  11   5   5   6  16  24  15
  12   4   5  49  48   6
  13   4   6   7  17  16
  14   3   6  48   7
  15   5   7   8  18  25  17
  16   4   7  48  47   8
  17   4   8   9  19  18
  18   3   8  47   9
  19   5   9  10  20  26  19
  20   4   9  47  46  10
  21   4  11  22  27  21
  22   3  11  21  20
  23   3  12  13  51
  24   4  12  51  55  22
  25   4  13  23  52  51
  26   3  14  15  45
  27   4  14  45  32  23
  28   4  15  24  42  45
  29   3  16  17  44
  30   4  16  44  43  24
  31   4  17  25  38  44
  32   3  18  19  56
  33   4  18  56  60  25
  34   4  19  26  57  56
  35   4  20  21  33  26
  36   5  21  27  28  34  33
  37   3  22  55  27
  38   3  23  32  52
  39   3  24  43  42
  40   3  25  60  38
  41   3  26  33  57
  42   4  27  55  54  28
  43   4  28  29  35  34
  44   3  28  54  29
  45   5  29  30  39  36  35
  46   4  29  54  53  30
  47   4  30  31  40  39
  48   3  30  53  31
  49   5  31  32  45  42  40
  50   4  31  53  52  32
  51   4  33  34  58  57
  52   3  34  35  58
  53   4  35  36  59  58
  54   4  36  39  41  37
  55   3  36  37  59
  56   5  37  41  43  44  38
  57   4  37  38  60  59
  58   3  39  40  41
  59   4  40  42  43  41
  60   5  46  47  48  49  50
  61   5  51  52  53  54  55
  62   5  56  57  58  59  60
  60
   1 -2.23918979554928e-01 -6.89151757668433e-01  6.89151757387289e-01
   2 -5.86227499480956e-01 -4.25919209643732e-01  6.89151757387289e-01
   3 -7.24617039910831e-01 -2.91804699286042e-11  6.89151757387289e-01
   4 -5.86227500090741e-01  4.25919209572942e-01  6.89151757387289e-01
   5 -2.23918980541581e-01  6.89151757565109e-01  6.89151757387289e-01
   6  2.23918978690173e-01  6.89151757565114e-01  6.89151757387289e-01
   7  5.86227498639836e-01  4.25919209572942e-01  6.89151757387289e-01
   8  7.24617039107957e-01 -2.91804699286042e-11  6.89151757387289e-01
   9  5.86227499326116e-01 -4.25919209643730e-01  6.89151757387289e-01
  10  2.23918979800590e-01 -6.89151757668433e-01  6.89151757387289e-01
  11 -2.23918979534821e-01 -9.24594106311171e-01  3.08198035271352e-01
  12 -8.10146479144428e-01 -4.98674896699662e-01  3.08198035262522e-01
  13 -9.48536019210901e-01 -7.27556869602728e-02  3.08198035213155e-01
  14 -7.24617039426481e-01  6.16396070432454e-01  3.08198035247811e-01
  15 -3.62308519620048e-01  8.79628618246503e-01  3.08198035213155e-01
  16  3.62308520081049e-01  8.79628618164105e-01  3.08198035247811e-01
  17  7.24617039817050e-01  6.16396070253117e-01  3.08198035213155e-01
  18  9.48536019444745e-01 -7.27556871905332e-02  3.08198035247811e-01
  19  8.10146479273572e-01 -4.98674896576793e-01  3.08198035213155e-01
  20  2.23918979751085e-01 -9.24594106295716e-01  3.08198035296360e-01
  21  1.16505896028432e-11 -9.97349792578876e-01 -7.27556870217536e-02
  22 -5.86227499512168e-01 -8.06872932063635e-01  7.27556869095775e-02
  23 -9.48536019020091e-01  3.08198035269162e-01  7.27556867803315e-02
  24  2.77534238510601e-10  9.97349792387848e-01  7.27556867697042e-02
  25  9.48536019456349e-01  3.08198034910762e-01  7.27556867697042e-02
  26  5.86227499674315e-01 -8.06872931497531e-01  7.27556866789723e-02
  27 -3.62308519781581e-01 -8.79628618938864e-01 -3.08198035134949e-01
  28 -2.23918979478824e-01 -6.89151757815395e-01 -6.89151757198877e-01
  29 -2.23918979309157e-01 -3.08198035567975e-01 -9.24594105602598e-01
  30 -3.62308519337384e-01  1.17721174053708e-01 -9.24594105651968e-01
  31 -5.86227498963112e-01  4.25919209444659e-01 -6.89151757328118e-01
  32 -8.10146478700231e-01  4.98674896357976e-01 -3.08198035294707e-01
  33  3.62308520101829e-01 -8.79628618008720e-01 -3.08198035574776e-01
  34  2.23918980021885e-01 -6.89151756739457e-01 -6.89151757795992e-01
  35  2.23918980054626e-01 -3.08198034620178e-01 -9.24594106245004e-01
  36  3.62308520187559e-01  1.17721174648374e-01 -9.24594106210346e-01
  37  5.86227499780278e-01  4.25919209596090e-01 -6.89151757705265e-01
  38  8.10146479359297e-01  4.98674896145370e-01 -3.08198035462628e-01
  39 -1.48194183162529e-09  3.80953723836188e-01 -9.24594104004744e-01
  40 -2.23918981444935e-01  6.89151758442088e-01 -6.89151755035009e-01
  41  2.23918979494449e-01  6.89151757092125e-01 -6.89151757613140e-01
  42 -2.23918979312719e-01  9.24594105166543e-01 -3.08198035207051e-01
  43  2.23918980064595e-01  9.24594106099564e-01 -3.08198035315750e-01
  44  5.86227499873115e-01  8.06872931874196e-01 -7.27556866915761e-02
  45 -5.86227499757242e-01  8.06872931779895e-01 -7.27556866915761e-02
  46  1.34438831545362e-10 -3.80953721892937e-01  9.24594105469935e-01
  47  3.62308519403959e-01 -1.17721174261660e-01  9.24594105716460e-01
  48  2.23918978941093e-01  3.08198035280143e-01  9.24594105716460e-01
  49 -2.23918980231666e-01  3.08198035266493e-01  9.24594105716461e-01
  50 -3.62308519725219e-01 -1.17721174031588e-01  9.24594105412368e-01
  51 -9.48536018816947e-01 -3.08198035053134e-01 -7.27556871269686e-02
  52 -9.48536018924066e-01  7.27556868103202e-02 -3.08198035318151e-01
  53 -7.24617039214228e-01 -1.06338454066687e-10 -6.89151757297611e-01
  54 -5.86227499210035e-01 -4.25919209673801e-01 -6.89151757236038e-01
  55 -7.24617039225706e-01 -6.16396070360649e-01 -3.08198035308061e-01
  56  9.48536018920573e-01 -3.08198035452167e-01 -7.27556871389931e-02
  57  7.24617039777466e-01 -6.16396070251940e-01 -3.08198035431535e-01
  58  5.86227499721553e-01 -4.25919208996009e-01 -6.89151757598796e-01
  59  7.24617039842057e-01  2.14550854985303e-10 -6.89151757551934e-01
  60  9.48536018932177e-01  7.27556865793432e-02 -3.08198035445247e-01
