  48
   1   3   2   9   8
   2   3   3  10   1
   3   3   4  11   2
   4   3   5  12   3
   5   3   6  13   4
   6   3   7  14   5
   7   3   8  15   6
   8   3   1  16   7
   9   3  17  16   1
  10   3  11  18   2
  11   3  19  10   3
  12   3  13  20   4
  13   3   5  21  12
  14   3   6  15  22
  15   3   7  23  14
  16   3   8   9  24
  17   3  18  28   9
  18   3  10  29  17
  19   3  20  32  11
  20   3  12  33  19
  21   3  13  22  36
  22   3  21  14  37
  23   3  40  15  24
  24   3  25  23  16
  25   3  40  24  26
  26   3  48  25  27
  27   3  47  26  28
  28   3  29  27  17
  29   3  30  28  18
  30   3  31  46  29
  31   3  32  45  30
  32   3  19  33  31
  33   3  20  34  32
  34   3  44  33  35
  35   3  43  34  36
  36   3  21  37  35
  37   3  36  22  38
  38   3  42  37  39
  39   3  38  40  41
  40   3  39  23  25
  41   3  42  39  48
  42   3  43  38  41
  43   3  44  35  42
  44   3  45  34  43
  45   3  31  44  46
  46   3  30  45  47
  47   3  46  48  27
  48   3  47  41  26
  48
   1   3   1   2   3
   2   3   4   1   3
   3   3   5   4   3
   4   3   6   5   3
   5   3   7   6   3
   6   3   8   7   3
   7   3   9   8   3
   8   3   2   9   3
   9   3  10   2   1
  10   3  11   1   4
  11   3  11   4   5
  12   3  12   5   6
  13   3   7  12   6
  14   3   8  13   7
  15   3   9  13   8
  16   3   2  10   9
  17   3  14  10   1
  18   3  11  14   1
  19   3  15  11   5
  20   3  12  15   5
  21   3   7  16  12
  22   3   7  13  16
  23   3  13   9  17
  24   3  17   9  10
  25   3  17  10  18
  26   3  18  10  19
  27   3  19  10  20
  28   3  20  10  14
  29   3  20  14  11
  30   3  21  20  11
  31   3  22  21  11
  32   3  15  22  11
  33   3  12  22  15
  34   3  22  12  23
  35   3  23  12  24
  36   3  16  24  12
  37   3  16  13  24
  38   3  24  13  25
  39   3  13  18  25
  40   3  13  17  18
  41   3  25  18  26
  42   3  24  25  26
  43   3  23  24  26
  44   3  22  23  26
  45   3  22  26  21
  46   3  21  26  20
  47   3  26  19  20
  48   3  26  18  19
  26
   1   6   1   2  10  18  17   9
   2   4   1   9  16   8
   3   8   1   8   7   6   5   4   3   2
   4   4   2   3  11  10
   5   6   3   4  12  20  19  11
   6   4   4   5  13  12
   7   6   5   6  14  22  21  13
   8   4   6   7  15  14
   9   6   7   8  16  24  23  15
  10   8   9  17  28  27  26  25  24  16
  11   8  10  11  19  32  31  30  29  18
  12   8  12  13  21  36  35  34  33  20
  13   8  14  15  23  40  39  38  37  22
  14   4  17  18  29  28
  15   4  19  20  33  32
  16   4  21  22  37  36
  17   4  23  24  25  40
  18   6  25  26  48  41  39  40
  19   4  26  27  47  48
  20   6  27  28  29  30  46  47
  21   4  30  31  45  46
  22   6  31  32  33  34  44  45
  23   4  34  35  43  44
  24   6  35  36  37  38  42  43
  25   4  38  39  41  42
  26   8  41  48  47  46  45  44  43  42
  48
   1 -2.15739405205292e-01 -5.20840997885448e-01  8.25942590790524e-01
   2 -5.20840998041117e-01 -2.15739405008530e-01  8.25942590790524e-01
   3 -5.20840997983001e-01  2.15739405417047e-01  8.25942590790524e-01
   4 -2.15739405158524e-01  5.20840998173037e-01  8.25942590790524e-01
   5  2.15739405267054e-01  5.20840998134291e-01  8.25942590790524e-01
   6  5.20840998036740e-01  2.15739405323511e-01  8.25942590790524e-01
   7  5.20840998017366e-01 -2.15739405102066e-01  8.25942590790524e-01
   8  2.15739405220286e-01 -5.20840997885448e-01  8.25942590790524e-01
   9 -2.15739405185920e-01 -8.25942590802547e-01  5.20840997994879e-01
  10 -8.25942590797657e-01 -2.15739405113170e-01  5.20840997990328e-01
  11 -8.25942590729074e-01  2.15739405438772e-01  5.20840997956136e-01
  12 -2.15739405056397e-01  8.25942590934926e-01  5.20840997995678e-01
  13  2.15739405275080e-01  8.25942590880365e-01  5.20840997956135e-01
  14  8.25942590798629e-01  2.15739405235084e-01  5.20840997995678e-01
  15  8.25942590763441e-01 -2.15739405096392e-01  5.20840997956135e-01
  16  2.15739405173518e-01 -8.25942590783175e-01  5.20840998014251e-01
  17 -5.20840998070192e-01 -8.25942590746631e-01  2.15739405227512e-01
  18 -8.25942590838199e-01 -5.20840997934174e-01  2.15739405230869e-01
  19 -8.25942590642765e-01  5.20840998240206e-01  2.15739405105930e-01
  20 -5.20840997794563e-01  8.25942590972465e-01  2.15739405153380e-01
  21  5.20840998076514e-01  8.25942590807752e-01  2.15739405105930e-01
  22  8.25942590822472e-01  5.20840997973250e-01  2.15739405153380e-01
  23  8.25942590704527e-01 -5.20840997897826e-01  2.15739405105930e-01
  24  5.20840997883720e-01 -8.25942590657483e-01  2.15739405153380e-01
  25  5.20840997863747e-01 -8.25942591144459e-01 -2.15739405451975e-01
  26  2.15739404985550e-01 -8.25942591088543e-01 -5.20840998158194e-01
  27 -2.15739405442825e-01 -8.25942590948861e-01 -5.20840998051865e-01
  28 -5.20840998162942e-01 -8.25942590807237e-01 -2.15739405242807e-01
  29 -8.25942590928827e-01 -5.20840997996898e-01 -2.15739405197709e-01
  30 -8.25942590445182e-01 -2.15739405015523e-01 -5.20840998079786e-01
  31 -8.25942590442024e-01  2.15739405412853e-01 -5.20840998090607e-01
  32 -8.25942590523863e-01  5.20840998215806e-01 -2.15739405364385e-01
  33 -5.20840997677782e-01  8.25942590945950e-01 -2.15739405275193e-01
  34 -2.15739405179216e-01  8.25942590577105e-01 -5.20840998079786e-01
  35  2.15739405249161e-01  8.25942590593316e-01 -5.20840998090607e-01
  36  5.20840998052113e-01  8.25942590688854e-01 -2.15739405364385e-01
  37  8.25942590795953e-01  5.20840997856466e-01 -2.15739405275193e-01
  38  8.25942590440808e-01  2.15739405357904e-01 -5.20840998079786e-01
  39  8.25942590476387e-01 -2.15739405070473e-01 -5.20840998090607e-01
  40  8.25942590585625e-01 -5.20840997873428e-01 -2.15739405364385e-01
  41  5.20840997840538e-01 -2.15739405595991e-01 -8.25942591078271e-01
  42  5.20840996937224e-01  2.15739405324974e-01 -8.25942589881341e-01
  43  2.15739405385681e-01  5.20840997034188e-01 -8.25942589947702e-01
  44 -2.15739405159985e-01  5.20840997073517e-01 -8.25942589881341e-01
  45 -5.20840997404681e-01  2.15739405337582e-01 -8.25942590749636e-01
  46 -5.20840997323310e-01 -2.15739405009991e-01 -8.25942590823345e-01
  47 -2.15739405452512e-01 -5.20840998180008e-01 -8.25942590839862e-01
  48  2.15739404993716e-01 -5.20840998304918e-01 -8.25942590960961e-01
