 120
   1   3   2  11  10
   2   3   3  22   1
   3   3   4  23   2
   4   3   5  34   3
   5   3   6  35   4
   6   3   7  45   5
   7   3   8  46   6
   8   3   9  58   7
   9   3  10  59   8
  10   3   1  20   9
  11   3  12  20   1
  12   3  13  11  21
  13   3  14  12  30
  14   3  15  13  61
  15   3  16  14  70
  16   3  17  15 101
  17   3  18  16 110
  18   3  19  17  51
  19   3  20  18  60
  20   3  11  19  10
  21   3  22  30  12
  22   3  23  21   2
  23   3  24  22   3
  24   3  25  23  33
  25   3  26  24  32
  26   3  27  25  73
  27   3  28  26  72
  28   3  29  27  63
  29   3  30  28  62
  30   3  21  29  13
  31   3  32  40  74
  32   3  33  31  25
  33   3  34  32  24
  34   3  35  33   4
  35   3  36  34   5
  36   3  37  35  44
  37   3  38  36  43
  38   3  39  37  85
  39   3  40  38  84
  40   3  31  39  75
  41   3  42  50  87
  42   3  43  41  86
  43   3  44  42  37
  44   3  45  43  36
  45   3  46  44   6
  46   3  47  45   7
  47   3  48  46  57
  48   3  49  47  56
  49   3  50  48  97
  50   3  41  49  96
  51   3  52  60  18
  52   3  53  51 109
  53   3  54  52 108
  54   3  55  53  99
  55   3  56  54  98
  56   3  57  55  48
  57   3  58  56  47
  58   3  59  57   8
  59   3  60  58   9
  60   3  51  59  19
  61   3  62  70  14
  62   3  63  61  29
  63   3  64  62  28
  64   3  65  63  71
  65   3  66  64  80
  66   3  67  65 112
  67   3  68  66 111
  68   3  69  67 103
  69   3  70  68 102
  70   3  61  69  15
  71   3  72  80  64
  72   3  73  71  27
  73   3  74  72  26
  74   3  75  73  31
  75   3  76  74  40
  76   3  77  75  83
  77   3  78  76  82
  78   3  79  77 114
  79   3  80  78 113
  80   3  71  79  65
  81   3  82  90 115
  82   3  83  81  77
  83   3  84  82  76
  84   3  85  83  39
  85   3  86  84  38
  86   3  87  85  42
  87   3  88  86  41
  88   3  89  87  95
  89   3  90  88  94
  90   3  81  89 116
  91   3  92 100 106
  92   3  93  91 118
  93   3  94  92 117
  94   3  95  93  89
  95   3  96  94  88
  96   3  97  95  50
  97   3  98  96  49
  98   3  99  97  55
  99   3 100  98  54
 100   3  91  99 107
 101   3 102 110  16
 102   3 103 101  69
 103   3 104 102  68
 104   3 105 103 120
 105   3 106 104 119
 106   3 107 105  91
 107   3 108 106 100
 108   3 109 107  53
 109   3 110 108  52
 110   3 101 109  17
 111   3 112 120  67
 112   3 113 111  66
 113   3 114 112  79
 114   3 115 113  78
 115   3 116 114  81
 116   3 117 115  90
 117   3 118 116  93
 118   3 119 117  92
 119   3 120 118 105
 120   3 111 119 104
 120
   1   3   1   2   3
   2   3   4   1   3
   3   3   5   4   3
   4   3   6   5   3
   5   3   7   6   3
   6   3   8   7   3
   7   3   9   8   3
   8   3  10   9   3
   9   3  11  10   3
  10   3   2  11   3
  11   3  12   2   1
  12   3  12   1  13
  13   3  12  13  14
  14   3  12  14  15
  15   3  12  15  16
  16   3  12  16  17
  17   3  12  17  18
  18   3  12  18  19
  19   3  12  19  11
  20   3  12  11   2
  21   3  20  13   1
  22   3  20   1   4
  23   3  20   4   5
  24   3  20   5  21
  25   3  20  21  22
  26   3  20  22  23
  27   3  20  23  24
  28   3  20  24  25
  29   3  20  25  14
  30   3  20  14  13
  31   3  26  27  22
  32   3  26  22  21
  33   3  26  21   5
  34   3  26   5   6
  35   3  26   6   7
  36   3  26   7  28
  37   3  26  28  29
  38   3  26  29  30
  39   3  26  30  31
  40   3  26  31  27
  41   3  32  33  34
  42   3  32  34  29
  43   3  32  29  28
  44   3  32  28   7
  45   3  32   7   8
  46   3  32   8   9
  47   3  32   9  35
  48   3  32  35  36
  49   3  32  36  37
  50   3  32  37  33
  51   3  38  19  18
  52   3  38  18  39
  53   3  38  39  40
  54   3  38  40  41
  55   3  38  41  36
  56   3  38  36  35
  57   3  38  35   9
  58   3  38   9  10
  59   3  38  10  11
  60   3  38  11  19
  61   3  42  15  14
  62   3  42  14  25
  63   3  42  25  24
  64   3  42  24  43
  65   3  42  43  44
  66   3  42  44  45
  67   3  42  45  46
  68   3  42  46  47
  69   3  42  47  16
  70   3  42  16  15
  71   3  48  43  24
  72   3  48  24  23
  73   3  48  23  22
  74   3  48  22  27
  75   3  48  27  31
  76   3  48  31  49
  77   3  48  49  50
  78   3  48  50  51
  79   3  48  51  44
  80   3  48  44  43
  81   3  52  53  50
  82   3  52  50  49
  83   3  52  49  31
  84   3  52  31  30
  85   3  52  30  29
  86   3  52  29  34
  87   3  52  34  33
  88   3  52  33  54
  89   3  52  54  55
  90   3  52  55  53
  91   3  56  57  58
  92   3  56  58  59
  93   3  56  59  55
  94   3  56  55  54
  95   3  56  54  33
  96   3  56  33  37
  97   3  56  37  36
  98   3  56  36  41
  99   3  56  41  40
 100   3  56  40  57
 101   3  60  17  16
 102   3  60  16  47
 103   3  60  47  46
 104   3  60  46  61
 105   3  60  61  58
 106   3  60  58  57
 107   3  60  57  40
 108   3  60  40  39
 109   3  60  39  18
 110   3  60  18  17
 111   3  62  46  45
 112   3  62  45  44
 113   3  62  44  51
 114   3  62  51  50
 115   3  62  50  53
 116   3  62  53  55
 117   3  62  55  59
 118   3  62  59  58
 119   3  62  58  61
 120   3  62  61  46
  62
   1   6   1   2  22  21  12  11
   2   4   1  11  20  10
   3  10   1  10   9   8   7   6   5   4   3   2
   4   4   2   3  23  22
   5   6   3   4  34  33  24  23
   6   4   4   5  35  34
   7   6   5   6  45  44  36  35
   8   4   6   7  46  45
   9   6   7   8  58  57  47  46
  10   4   8   9  59  58
  11   6   9  10  20  19  60  59
  12  10  11  12  13  14  15  16  17  18  19  20
  13   4  12  21  30  13
  14   6  13  30  29  62  61  14
  15   4  14  61  70  15
  16   6  15  70  69 102 101  16
  17   4  16 101 110  17
  18   6  17 110 109  52  51  18
  19   4  18  51  60  19
  20  10  21  22  23  24  25  26  27  28  29  30
  21   4  24  33  32  25
  22   6  25  32  31  74  73  26
  23   4  26  73  72  27
  24   6  27  72  71  64  63  28
  25   4  28  63  62  29
  26  10  31  32  33  34  35  36  37  38  39  40
  27   4  31  40  75  74
  28   4  36  44  43  37
  29   6  37  43  42  86  85  38
  30   4  38  85  84  39
  31   6  39  84  83  76  75  40
  32  10  41  42  43  44  45  46  47  48  49  50
  33   6  41  50  96  95  88  87
  34   4  41  87  86  42
  35   4  47  57  56  48
  36   6  48  56  55  98  97  49
  37   4  49  97  96  50
  38  10  51  52  53  54  55  56  57  58  59  60
  39   4  52 109 108  53
  40   6  53 108 107 100  99  54
  41   4  54  99  98  55
  42  10  61  62  63  64  65  66  67  68  69  70
  43   4  64  71  80  65
  44   6  65  80  79 113 112  66
  45   4  66 112 111  67
  46   6  67 111 120 104 103  68
  47   4  68 103 102  69
  48  10  71  72  73  74  75  76  77  78  79  80
  49   4  76  83  82  77
  50   6  77  82  81 115 114  78
  51   4  78 114 113  79
  52  10  81  82  83  84  85  86  87  88  89  90
  53   4  81  90 116 115
  54   4  88  95  94  89
  55   6  89  94  93 117 116  90
  56  10  91  92  93  94  95  96  97  98  99 100
  57   4  91 100 107 106
  58   6  91 106 105 119 118  92
  59   4  92 118 117  93
  60  10 101 102 103 104 105 106 107 108 109 110
  61   4 104 120 119 105
  62  10 111 112 113 114 115 116 117 118 119 120
 120
   1 -1.31496058009894e-01 -4.04703333986748e-01  9.04944124041698e-01
   2 -3.44261187928634e-01 -2.50120418600845e-01  9.04944124041698e-01
   3 -4.25530235882654e-01 -7.50858106207684e-09  9.04944124041698e-01
   4 -3.44261187861257e-01  2.50120403561788e-01  9.04944124041698e-01
   5 -1.31496057973554e-01  4.04703318866761e-01  9.04944124041698e-01
   6  1.31496105788631e-01  4.04703318843147e-01  9.04944124041698e-01
   7  3.44261235648571e-01  2.50120403499964e-01  9.04944124041698e-01
   8  4.25530283625050e-01 -7.58500132620705e-09  9.04944124041698e-01
   9  3.44261235626112e-01 -2.50120418662670e-01  9.04944124041698e-01
  10  1.31496105752290e-01 -4.04703333986748e-01  9.04944124041698e-01
  11 -1.31496057998086e-01 -6.28417830915805e-01  7.66680961398280e-01
  12 -3.44261187962615e-01 -6.97549412348455e-01  6.28417798797295e-01
  13 -4.25530236090620e-01 -8.09406660809319e-01  4.04703302191264e-01
  14 -3.44261188219160e-01 -9.21263909263207e-01  1.80988805529973e-01
  15 -1.31496058426489e-01 -9.90395490711360e-01  4.27256427168035e-02
  16  1.31496105341957e-01 -9.90395490730345e-01  4.27256425668506e-02
  17  3.44261235307063e-01 -9.21263909312916e-01  1.80988805137394e-01
  18  4.25530283447439e-01 -8.09406660863040e-01  4.04703301721455e-01
  19  3.44261235536316e-01 -6.97549412008833e-01  6.28417798479656e-01
  20  1.31496105676180e-01 -6.28417830861106e-01  7.66680961432087e-01
  21 -5.57026317800241e-01 -5.42966497042221e-01  6.28417798784482e-01
  22 -5.57026317748208e-01 -3.19252000221639e-01  7.66680961389524e-01
  23 -6.38295365727725e-01 -6.91315888454190e-02  7.66680961253509e-01
  24 -7.69791447556113e-01  1.11857240903984e-01  6.28417798458151e-01
  25 -9.01287529338599e-01  1.54582907918049e-01  4.04703301670066e-01
  26 -9.82556577197955e-01  4.27256596027838e-02  1.80988804939671e-01
  27 -9.82556577129898e-01 -1.80988837064613e-01  4.27256421624187e-02
  28 -9.01287529144022e-01 -4.31109248142258e-01  4.27256421527957e-02
  29 -7.69791447814756e-01 -6.12098078382580e-01  1.80988805642657e-01
  30 -6.38295365923641e-01 -6.54823745492648e-01  4.04703302196490e-01
  31 -8.20018481009755e-01  5.42966481710617e-01  1.80988805160133e-01
  32 -8.20018481277471e-01  4.04703318969162e-01  4.04703301716795e-01
  33 -6.88522399507945e-01  3.61977651965656e-01  6.28417798479656e-01
  34 -4.75757269661570e-01  4.31109233291317e-01  7.66680961271428e-01
  35 -2.62992139824761e-01  5.85692148560483e-01  7.66680961253509e-01
  36 -1.31496057900149e-01  7.66680978239972e-01  6.28417798458151e-01
  37 -1.31496056830041e-01  9.04944139656651e-01  4.04703302223636e-01
  38 -2.62992138561281e-01  9.47669807015912e-01  1.80988805499290e-01
  39 -4.75757268525959e-01  8.78538226156881e-01  4.27256426562522e-02
  40 -6.88522398778812e-01  7.23955311138948e-01  4.27256426287169e-02
  41  4.75757317192318e-01  8.78538205375032e-01  4.27256408580984e-02
  42  2.62992187511499e-01  9.47669792368185e-01  1.80988803096614e-01
  43  1.31496105471812e-01  9.04944132174008e-01  4.04703301853669e-01
  44  1.31496105862034e-01  7.66680978188210e-01  6.28417798479656e-01
  45  2.62992187703018e-01  5.85692148489796e-01  7.66680961271428e-01
  46  4.75757317513177e-01  4.31109233183950e-01  7.66680961253508e-01
  47  6.88522447367397e-01  3.61977651772904e-01  6.28417798458151e-01
  48  8.20018525981477e-01  4.04703303740304e-01  4.04703310879981e-01
  49  8.20018526321799e-01  5.42966460799607e-01  1.80988810996107e-01
  50  6.88522445330262e-01  7.23955288220859e-01  4.27256444156224e-02
  51  6.38295414479777e-01 -6.54823746575016e-01  4.04703301576378e-01
  52  7.69791497066378e-01 -6.12098080872227e-01  1.80988805213672e-01
  53  9.01287579471957e-01 -4.31109252096803e-01  4.27256421460526e-02
  54  9.82556627754220e-01 -1.80988841040723e-01  4.27256411231420e-02
  55  9.82556474402019e-01  4.27256083485409e-02  1.80988794270921e-01
  56  9.01287495794399e-01  1.54582884900697e-01  4.04703311617258e-01
  57  7.69791495317104e-01  1.11857240679241e-01  6.28417798479653e-01
  58  6.38295413444877e-01 -6.91315889964712e-02  7.66680961271428e-01
  59  5.57026365466068e-01 -3.19252000015257e-01  7.66680961253509e-01
  60  5.57026365426685e-01 -5.42966496707526e-01  6.28417798458151e-01
  61 -4.75757270149149e-01 -8.78538242276869e-01 -4.27256910865748e-02
  62 -6.88522399972216e-01 -7.23955326827411e-01 -4.27256910692567e-02
  63 -8.20018481404414e-01 -5.42966496538221e-01 -1.80988855378471e-01
  64 -8.20018481718640e-01 -4.04703334218908e-01 -4.04703351975376e-01
  65 -6.88522399492997e-01 -3.61977666507089e-01 -6.28417847803723e-01
  66 -4.75757268391344e-01 -4.31109246203167e-01 -7.66681009773913e-01
  67 -2.62992137267791e-01 -5.85692159807138e-01 -7.66681008540916e-01
  68 -1.31496054433964e-01 -7.66680988311396e-01 -6.28417844907001e-01
  69 -1.31496058686052e-01 -9.04944156968722e-01 -4.04703350720161e-01
  70 -2.62992140365604e-01 -9.47669823722055e-01 -1.80988853931782e-01
  71 -9.01287529644985e-01 -1.54582923464191e-01 -4.04703351739695e-01
  72 -9.82556576896605e-01 -4.27256743150039e-02 -1.80988854507030e-01
  73 -9.82556576964662e-01  1.80988822344133e-01 -4.27256916920879e-02
  74 -9.01287528870760e-01  4.31109233425669e-01 -4.27256916275391e-02
  75 -7.69791446617968e-01  6.12098062884076e-01 -1.80988854243738e-01
  76 -6.38295364717317e-01  6.54823730214611e-01 -4.04703351048212e-01
  77 -5.57026317138669e-01  5.42966482370974e-01 -6.28417848339330e-01
  78 -5.57026317945813e-01  3.19251986162982e-01 -7.66681011682434e-01
  79 -6.38295368050409e-01  6.91315747769144e-02 -7.66681010756978e-01
  80 -7.69791447388803e-01 -1.11857255509311e-01 -6.28417847736565e-01
  81 -1.31496055854715e-01  6.28417813608846e-01 -7.66681009915445e-01
  82 -3.44261187146599e-01  6.97549397288460e-01 -6.28417848120368e-01
  83 -4.25530234635219e-01  8.09406645134071e-01 -4.04703350912287e-01
  84 -3.44261186387647e-01  9.21263893184888e-01 -1.80988854190001e-01
  85 -1.31496057218301e-01  9.90395467294404e-01 -4.27256936992626e-02
  86  1.31496105807753e-01  9.90395459887295e-01 -4.27256944647117e-02
  87  3.44261235348426e-01  9.21263872939680e-01 -1.80988856006343e-01
  88  4.25530281223800e-01  8.09406614462282e-01 -4.04703350261506e-01
  89  3.44261237808665e-01  6.97549394401758e-01 -6.28417846583931e-01
  90  1.31496109205117e-01  6.28417812305109e-01 -7.66681009730809e-01
  91  7.69791528570091e-01 -1.11857251782475e-01 -6.28417821011941e-01
  92  6.38295405512223e-01  6.91315516571234e-02 -7.66680969373291e-01
  93  5.57026335316996e-01  3.19251970113478e-01 -7.66680969824273e-01
  94  5.57026347815228e-01  5.42966486021952e-01 -6.28417820140994e-01
  95  6.38295409746239e-01  6.54823696972215e-01 -4.04703346943475e-01
  96  7.69791491436809e-01  6.12098034184730e-01 -1.80988849309503e-01
  97  9.01287503103333e-01  4.31109193017294e-01 -4.27257114465997e-02
  98  9.82556476341671e-01  1.80988766327609e-01 -4.27257150655139e-02
  99  9.82556404388637e-01 -4.27256064432723e-02 -1.80988738354124e-01
 100  9.01287107145671e-01 -1.54582807326964e-01 -4.04703204745887e-01
 101  2.62992187099937e-01 -9.47669823865241e-01 -1.80988854243783e-01
 102  1.31496105070053e-01 -9.04944156981690e-01 -4.04703350901626e-01
 103  1.31496110919134e-01 -7.66680981051534e-01 -6.28417838108806e-01
 104  2.62992191903384e-01 -5.85692146451223e-01 -7.66680994055455e-01
 105  4.75756824552959e-01 -4.31108857225444e-01 -7.66680085411070e-01
 106  6.88522374315309e-01 -3.61977375007689e-01 -6.28417299230714e-01
 107  8.20018046105325e-01 -4.04703246760801e-01 -4.04703221339352e-01
 108  8.20018531288322e-01 -5.42966500523944e-01 -1.80988854371360e-01
 109  6.88522448873693e-01 -7.23955329311824e-01 -4.27256911658407e-02
 110  4.75757317052735e-01 -8.78538242451809e-01 -4.27256916873436e-02
 111 -1.31496056214915e-01 -4.04703328975520e-01 -9.04944170930542e-01
 112 -3.44261187122001e-01 -2.50120415370292e-01 -9.04944172242805e-01
 113 -4.25530237152493e-01 -4.93678330622069e-09 -9.04944172574985e-01
 114 -3.44261186664576e-01  2.50120404423987e-01 -9.04944174149214e-01
 115 -1.31496056212006e-01  4.04703317918774e-01 -9.04944173140452e-01
 116  1.31496108187361e-01  4.04703317196950e-01 -9.04944172596177e-01
 117  3.44261200636748e-01  2.50120381152528e-01 -9.04944139942128e-01
 118  4.25530274122134e-01 -2.93560054670573e-08 -9.04944136039341e-01
 119  3.44260599604133e-01 -2.50120013007006e-01 -9.04943317426906e-01
 120  1.31496109208718e-01 -4.04703318666863e-01 -9.04944157139417e-01
