  24
   1   5   2   6   5  12   4
   2   5   3   8   7   6   1
   3   5   4  10   9   8   2
   4   5   1  12  11  10   3
   5   5   1   6  13  20  12
   6   5   1   2   7  14   5
   7   5   6   2   8  15  14
   8   5   7   2   3   9  16
   9   5  17  16   8   3  10
  10   5  11  18   9   3   4
  11   5   4  12  19  18  10
  12   5   1   5  20  11   4
  13   5   5  14  21  24  20
  14   5   6   7  15  21  13
  15   5  14   7  16  22  21
  16   5  22  15   8   9  17
  17   5  23  22  16   9  18
  18   5  11  19  23  17  10
  19   5  20  24  23  18  11
  20   5   5  13  24  19  12
  21   5  13  14  15  22  24
  22   5  21  15  16  17  23
  23   5  24  22  17  18  19
  24   5  20  13  21  23  19
  24
   1   5   1   2   3   4   5
   2   5   6   7   8   1   5
   3   5   9  10  11   6   5
   4   5   4  12  13   9   5
   5   5   2  14  15  16   3
   6   5   1   8  17  14   2
   7   5   8   7  18  19  17
   8   5   7   6  11  20  18
   9   5  21  20  11  10  22
  10   5  23  22  10   9  13
  11   5  12  24  25  23  13
  12   5   3  16  24  12   4
  13   5  14  26  27  28  15
  14   5  17  19  29  26  14
  15   5  19  18  30  31  29
  16   5  30  18  20  21  32
  17   5  33  32  21  22  34
  18   5  25  35  34  22  23
  19   5  36  37  35  25  24
  20   5  15  28  36  24  16
  21   5  26  29  31  38  27
  22   5  31  30  32  33  38
  23   5  38  33  34  35  37
  24   5  28  27  38  37  36
  38
   1   3   1   2   6
   2   3   1   6   5
   3   3   1   5  12
   4   3   1  12   4
   5   4   1   4   3   2
   6   3   2   3   8
   7   3   2   8   7
   8   3   2   7   6
   9   3   3   4  10
  10   3   3  10   9
  11   3   3   9   8
  12   3   4  12  11
  13   3   4  11  10
  14   4   5   6  14  13
  15   3   5  13  20
  16   3   5  20  12
  17   3   6   7  14
  18   4   7   8  16  15
  19   3   7  15  14
  20   3   8   9  16
  21   3   9  17  16
  22   4   9  10  18  17
  23   3  10  11  18
  24   4  11  12  20  19
  25   3  11  19  18
  26   3  13  14  21
  27   3  13  21  24
  28   3  13  24  20
  29   3  14  15  21
  30   3  15  16  22
  31   3  15  22  21
  32   3  16  17  22
  33   3  17  23  22
  34   3  17  18  23
  35   3  18  19  23
  36   3  19  20  24
  37   3  19  24  23
  38   4  21  22  23  24
  24
   1 -3.72102752826372e-01 -3.72102828953981e-01  8.50339431871139e-01
   2 -3.72102752792960e-01  3.72102838723753e-01  8.50339431871139e-01
   3  3.72102914817955e-01  3.72102838656931e-01  8.50339431871139e-01
   4  3.72102914784540e-01 -3.72102828953981e-01  8.50339431871139e-01
   5 -6.84403746724573e-01 -6.84403822686593e-01  2.51358418528921e-01
   6 -8.86711947628790e-01  4.94657263939269e-09  4.62320188161404e-01
   7 -6.84403746580147e-01  6.84403832567382e-01  2.51358418528920e-01
   8  8.10972860212409e-08  8.86712033463260e-01  4.62320188196246e-01
   9  6.84403908768109e-01  6.84403832482051e-01  2.51358418665871e-01
  10  8.86712109574161e-01  4.78979010158407e-09  4.62320188196246e-01
  11  6.84403908623681e-01 -6.84403822890118e-01  2.51358418665871e-01
  12  8.09405027811332e-08 -8.86712023726896e-01  4.62320188196246e-01
  13 -7.44205528201440e-01 -4.82095604393726e-01 -4.62320225910431e-01
  14 -9.46513729097525e-01  2.02308223211931e-01 -2.51358456231789e-01
  15 -4.82095586646038e-01  7.44205811718568e-01 -4.62320225821231e-01
  16  2.02308241016596e-01  9.46514012610070e-01 -2.51358456091737e-01
  17  7.44205500639123e-01  4.82095529117254e-01 -4.62320320293072e-01
  18  9.46513684097905e-01 -2.02308239889552e-01 -2.51358517437495e-01
  19  4.82095863264636e-01 -7.44206144392358e-01 -4.62320182970836e-01
  20 -2.02308227369035e-01 -9.46514061177261e-01 -2.51358409243238e-01
  21 -5.14608718525521e-01  1.09992748807067e-01 -8.50339249489039e-01
  22  1.09992685850303e-01  5.14610051159413e-01 -8.50339993358623e-01
  23  5.14607479088457e-01 -1.09992939313580e-01 -8.50338648271416e-01
  24 -1.09992636170853e-01 -5.14609445875994e-01 -8.50339469505370e-01
