  24
   1   5   4  12   5   6   2
   2   5   1   6   7   8   3
   3   5   2   8   9  10   4
   4   5   3  10  11  12   1
   5   5  12  20  13   6   1
   6   5   5  14   7   2   1
   7   5  14  15   8   2   6
   8   5  16   9   3   2   7
   9   5  10   3   8  16  17
  10   5   4   3   9  18  11
  11   5  10  18  19  12   4
  12   5   4  11  20   5   1
  13   5  20  24  21  14   5
  14   5  13  21  15   7   6
  15   5  21  22  16   7  14
  16   5  17   9   8  15  22
  17   5  18   9  16  22  23
  18   5  10  17  23  19  11
  19   5  11  18  23  24  20
  20   5  12  19  24  13   5
  21   5  24  22  15  14  13
  22   5  23  17  16  15  21
  23   5  19  18  17  22  24
  24   5  19  23  21  13  20
  24
   1   5   1   2   3   4   5
   2   5   4   6   7   8   5
   3   5   8   9  10  11   5
   4   5  11  12  13   1   5
   5   5  14  15  16   3   2
   6   5  16  17   6   4   3
   7   5  18  19   7   6  17
   8   5  20   9   8   7  19
   9   5  10   9  20  21  22
  10   5  11  10  22  23  12
  11   5  23  24  25  13  12
  12   5  13  25  14   2   1
  13   5  26  27  28  16  15
  14   5  28  29  18  17  16
  15   5  30  31  19  18  29
  16   5  21  20  19  31  32
  17   5  22  21  32  33  34
  18   5  22  34  35  24  23
  19   5  24  35  36  37  25
  20   5  25  37  26  15  14
  21   5  38  30  29  28  27
  22   5  33  32  31  30  38
  23   5  35  34  33  38  36
  24   5  36  38  27  26  37
  38
   1   3   1   4  12
   2   3   1  12   5
   3   3   1   5   6
   4   3   1   6   2
   5   4   1   2   3   4
   6   3   2   6   7
   7   3   2   7   8
   8   3   2   8   3
   9   3   3   8   9
  10   3   3   9  10
  11   3   3  10   4
  12   3   4  10  11
  13   3   4  11  12
  14   3   5  12  20
  15   3   5  20  13
  16   4   5  13  14   6
  17   3   6  14   7
  18   3   7  14  15
  19   4   7  15  16   8
  20   3   8  16   9
  21   3   9  16  17
  22   4   9  17  18  10
  23   3  10  18  11
  24   3  11  18  19
  25   4  11  19  20  12
  26   3  13  20  24
  27   3  13  24  21
  28   3  13  21  14
  29   3  14  21  15
  30   3  15  21  22
  31   3  15  22  16
  32   3  16  22  17
  33   3  17  22  23
  34   3  17  23  18
  35   3  18  23  19
  36   3  19  23  24
  37   3  19  24  20
  38   4  21  24  23  22
  24
   1 -3.72102827676740e-01 -3.72102751205706e-01  8.50339428944546e-01
   2  3.72102837442201e-01 -3.72102751205706e-01  8.50339428944546e-01
   3  3.72102837475616e-01  3.72102913913235e-01  8.50339428944546e-01
   4 -3.72102827643328e-01  3.72102913980058e-01  8.50339428944546e-01
   5 -6.84403820529203e-01 -6.84403743892580e-01  2.51358417608013e-01
   6  4.84414935977988e-09 -8.86711944255454e-01  4.62320186568933e-01
   7  6.84403830235603e-01 -6.84403744096104e-01  2.51358417744963e-01
   8  8.86712030508656e-01  8.12920796074247e-08  4.62320186568933e-01
   9  6.84403830380031e-01  6.84403906692617e-01  2.51358417744963e-01
  10  5.00093259936264e-09  8.86712106996397e-01  4.62320186568933e-01
  11 -6.84403820384777e-01  6.84403906777947e-01  2.51358417608012e-01
  12 -8.86712020755991e-01  8.14488621447083e-08  4.62320186534092e-01
  13 -4.82095602976866e-01 -7.44205525020581e-01 -4.62320224313332e-01
  14  2.02308222389038e-01 -9.46513725381254e-01 -2.51358455465622e-01
  15  7.44205809651776e-01 -4.82095585135847e-01 -4.62320224282530e-01
  16  9.46514009912817e-01  2.02308240211717e-01 -2.51358455489318e-01
  17  4.82095527233905e-01  7.44205497315775e-01 -4.62320319206580e-01
  18 -2.02308239135224e-01  9.46513680176357e-01 -2.51358516980993e-01
  19 -7.44206143513632e-01  4.82095862603611e-01 -4.62320181263550e-01
  20 -9.46514058584088e-01 -2.02308226439056e-01 -2.51358408275452e-01
  21  1.09992748281039e-01 -5.14608715101951e-01 -8.50339245921914e-01
  22  5.14610052544521e-01  1.09992685002215e-01 -8.50339992630083e-01
  23 -1.09992939705104e-01  5.14607470564033e-01 -8.50338642226416e-01
  24 -5.14609444995329e-01 -1.09992635240662e-01 -8.50339466669233e-01
