  60
   1   5   2   6  15  14   5
   2   5   3   8   7   6   1
   3   5   4  10   9   8   2
   4   5   5  12  11  10   3
   5   5   1  14  13  12   4
   6   5   1   2   7  16  15
   7   5   6   2   8  17  24
   8   5   7   2   3   9  17
   9   5   8   3  10  18  27
  10   5   9   3   4  11  18
  11   5  10   4  12  19  30
  12   5   4   5  13  19  11
  13   5   5  14  20  33  12
  14   5   1  15  20  13   5
  15   5   1   6  16  21  14
  16   5  15   6  23  22  21
  17   5   7   8  26  25  24
  18   5   9  10  29  28  27
  19   5  11  12  32  31  30
  20   5  13  14  35  34  33
  21   5  15  16  22  36  35
  22   5  21  16  23  37  36
  23   5  16  24  38  37  22
  24   5  23   7  17  25  38
  25   5  24  17  26  39  38
  26   5  17  27  40  39  25
  27   5  26   9  18  28  40
  28   5  40  27  18  29  41
  29   5  41  28  18  30  42
  30   5  29  11  19  31  42
  31   5  43  42  30  19  32
  32   5  44  43  31  19  33
  33   5  20  34  44  32  13
  34   5  35  45  44  33  20
  35   5  21  36  45  34  20
  36   5  21  22  46  45  35
  37   5  23  38  48  47  22
  38   5  37  23  24  25  48
  39   5  25  26  40  50  49
  40   5  39  26  27  28  50
  41   5  51  28  29  42  52
  42   5  52  41  29  30  31
  43   5  44  54  53  31  32
  44   5  34  54  43  32  33
  45   5  35  36  46  55  34
  46   5  55  45  36  47  56
  47   5  46  37  48  57  56
  48   5  37  38  49  57  47
  49   5  57  48  39  50  58
  50   5  58  49  39  40  51
  51   5  59  58  50  41  52
  52   5  51  41  42  53  59
  53   5  43  54  60  59  52
  54   5  44  55  60  53  43
  55   5  45  46  56  60  54
  56   5  46  47  57  60  55
  57   5  47  48  49  58  56
  58   5  57  49  50  51  59
  59   5  58  51  52  53  60
  60   5  53  54  55  56  59
  60
   1   5   1   2   3   4   5
   2   5   6   7   8   1   5
   3   5   9  10  11   6   5
   4   5  12  13  14   9   5
   5   5   4  15  16  12   5
   6   5   1   8  17  18   2
   7   5   8   7  19  20  17
   8   5   7   6  11  21  19
   9   5  11  10  22  23  21
  10   5  10   9  14  24  22
  11   5  14  13  25  26  24
  12   5  12  16  27  25  13
  13   5  15  28  29  27  16
  14   5   3  30  28  15   4
  15   5   2  18  31  30   3
  16   5  18  17  32  33  31
  17   5  19  21  34  35  20
  18   5  22  24  36  37  23
  19   5  25  27  38  39  26
  20   5  28  30  40  41  29
  21   5  31  33  42  43  30
  22   5  33  32  44  45  42
  23   5  17  46  47  44  32
  24   5  17  20  35  48  46
  25   5  35  34  49  50  48
  26   5  21  51  52  49  34
  27   5  21  23  37  53  51
  28   5  53  37  36  54  55
  29   5  54  36  24  56  57
  30   5  24  26  39  58  56
  31   5  59  58  39  38  60
  32   5  61  60  38  27  62
  33   5  41  63  62  27  29
  34   5  64  65  63  41  40
  35   5  43  66  64  40  30
  36   5  42  45  67  66  43
  37   5  47  68  69  45  44
  38   5  47  46  48  50  68
  39   5  49  52  70  71  50
  40   5  52  51  53  55  70
  41   5  55  54  57  72  73
  42   5  72  57  56  58  59
  43   5  74  75  59  60  61
  44   5  65  74  61  62  63
  45   5  66  67  76  65  64
  46   5  76  67  45  77  78
  47   5  45  69  79  80  77
  48   5  68  50  81  79  69
  49   5  81  50  71  82  83
  50   5  82  71  70  55  84
  51   5  85  84  55  73  86
  52   5  73  72  59  87  86
  53   5  75  88  89  87  59
  54   5  65  90  88  75  74
  55   5  76  78  91  90  65
  56   5  77  80  92  91  78
  57   5  79  81  83  92  80
  58   5  83  82  84  85  92
  59   5  85  86  87  89  92
  60   5  88  90  91  92  89
  92
   1   3   1   2   6
   2   3   1   6  15
   3   3   1  15  14
   4   3   1  14   5
   5   5   1   5   4   3   2
   6   3   2   3   8
   7   3   2   8   7
   8   3   2   7   6
   9   3   3   4  10
  10   3   3  10   9
  11   3   3   9   8
  12   3   4   5  12
  13   3   4  12  11
  14   3   4  11  10
  15   3   5  14  13
  16   3   5  13  12
  17   5   6   7  24  23  16
  18   3   6  16  15
  19   3   7   8  17
  20   3   7  17  24
  21   5   8   9  27  26  17
  22   3   9  10  18
  23   3   9  18  27
  24   5  10  11  30  29  18
  25   3  11  12  19
  26   3  11  19  30
  27   5  12  13  33  32  19
  28   3  13  14  20
  29   3  13  20  33
  30   5  14  15  21  35  20
  31   3  15  16  21
  32   3  16  23  22
  33   3  16  22  21
  34   3  17  26  25
  35   3  17  25  24
  36   3  18  29  28
  37   3  18  28  27
  38   3  19  32  31
  39   3  19  31  30
  40   3  20  35  34
  41   3  20  34  33
  42   3  21  22  36
  43   3  21  36  35
  44   3  22  23  37
  45   5  22  37  47  46  36
  46   3  23  24  38
  47   3  23  38  37
  48   3  24  25  38
  49   3  25  26  39
  50   5  25  39  49  48  38
  51   3  26  27  40
  52   3  26  40  39
  53   3  27  28  40
  54   3  28  29  41
  55   5  28  41  51  50  40
  56   3  29  30  42
  57   3  29  42  41
  58   3  30  31  42
  59   5  31  43  53  52  42
  60   3  31  32  43
  61   3  32  44  43
  62   3  32  33  44
  63   3  33  34  44
  64   3  34  35  45
  65   5  34  45  55  54  44
  66   3  35  36  45
  67   3  36  46  45
  68   3  37  38  48
  69   3  37  48  47
  70   3  39  40  50
  71   3  39  50  49
  72   3  41  42  52
  73   3  41  52  51
  74   3  43  44  54
  75   3  43  54  53
  76   3  45  46  55
  77   3  46  47  56
  78   3  46  56  55
  79   3  47  48  57
  80   3  47  57  56
  81   3  48  49  57
  82   3  49  50  58
  83   3  49  58  57
  84   3  50  51  58
  85   3  51  59  58
  86   3  51  52  59
  87   3  52  53  59
  88   3  53  54  60
  89   3  53  60  59
  90   3  54  55  60
  91   3  55  56  60
  92   5  56  57  58  59  60
  60
   1 -2.31928305560341e-01 -3.19221945932502e-01  9.18860978140795e-01
   2 -3.75267886281395e-01  1.21931921959161e-01  9.18860978140795e-01
   3  8.02470666570088e-09  3.94580006505783e-01  9.18860978140795e-01
   4  3.75267902281846e-01  1.21931921891768e-01  9.18860978140795e-01
   5  2.31928321538893e-01 -3.19221945932502e-01  9.18860978140795e-01
   6 -6.43795143608059e-01 -2.09181733334976e-01  7.36050065152983e-01
   7 -7.29202273100998e-01  2.36932175435458e-01  6.41970454470362e-01
   8 -3.97887277386501e-01  5.47644857836196e-01  7.36050065175576e-01
   9  8.09786935330627e-09  7.66728644215033e-01  6.41970454693346e-01
  10  3.97887293502313e-01  5.47644857736472e-01  7.36050065175576e-01
  11  7.29202289224065e-01  2.36932175320542e-01  6.41970454693346e-01
  12  6.43795159530729e-01 -2.09181733431299e-01  7.36050065175576e-01
  13  4.50671802407562e-01 -6.20296518300059e-01  6.41970454693346e-01
  14  7.96522865609951e-09 -6.76926290314683e-01  7.36050065175576e-01
  15 -4.50671786484567e-01 -6.20296518133699e-01  6.41970454470363e-01
  16 -8.00319557740161e-01 -4.63101512903121e-01  3.80820809854719e-01
  17 -6.87748039536106e-01  6.18042892620898e-01  3.80820807187455e-01
  18  3.75267902672186e-01  8.45073016540046e-01  3.80820809617920e-01
  19  9.19676370072883e-01 -9.57590586378406e-02  3.80820808245892e-01
  20  1.93123364952677e-01 -9.04255381143256e-01  3.80820809675447e-01
  21 -5.36078916176699e-01 -8.12626484906181e-01  2.28596802076208e-01
  22 -8.09754116124201e-01 -5.82907950743952e-01 -6.71974685272689e-02
  23 -9.82464095234820e-01 -1.73918658300567e-01  6.71974456052245e-02
  24 -9.38511196120436e-01  2.58725954360736e-01  2.28596802166739e-01
  25 -8.04606171703024e-01  5.89993463714018e-01 -6.71974686360806e-02
  26 -4.69004560413391e-01  8.80635058100976e-01  6.71974442847035e-02
  27 -4.39528900321955e-02  9.72527905886489e-01  2.28596801517122e-01
  28  3.12480165577626e-01  9.47543957591592e-01 -6.71974677310591e-02
  29  6.92603346068016e-01  7.18181045458317e-01  6.71974454079138e-02
  30  9.11346826727347e-01  3.42329335627551e-01  2.28596802253615e-01
  31  9.97729547268712e-01 -4.37910810794139e-03 -6.71974679776499e-02
  32  8.97056978836505e-01 -4.36774774161999e-01  6.71974441806373e-02
  33  6.07196214819782e-01 -7.60956753039414e-01  2.28596801441351e-01
  34  3.04150619490349e-01 -9.50250408786328e-01 -6.71974674877803e-02
  35 -1.38191630806145e-01 -9.88122713670143e-01  6.71974454047688e-02
  36 -4.69004558966205e-01 -8.53098544996662e-01 -2.28596825919992e-01
  37 -8.90013306706725e-01 -2.50700456739293e-01 -3.80820832615819e-01
  38 -9.56275303340901e-01  1.82427896042601e-01 -2.28596825602533e-01
  39 -5.13459521193173e-01  7.68982245341957e-01 -3.80820832240874e-01
  40 -1.22006066147665e-01  9.65845179783693e-01 -2.28596826088126e-01
  41  5.72677873599642e-01  7.25957610647756e-01 -3.80820832862377e-01
  42  8.80871416917429e-01  4.14497240276067e-01 -2.28596826736584e-01
  43  8.67393932712097e-01 -3.20315782806461e-01 -3.80820834095563e-01
  44  6.66414539772670e-01 -7.09671796935681e-01 -2.28596826996255e-01
  45 -3.65989325764785e-02 -9.23923701191533e-01 -3.80820836159628e-01
  46 -3.38668942077928e-01 -6.87878021634188e-01 -6.41970477938108e-01
  47 -5.98866657595016e-01 -3.15575528577551e-01 -7.36050087882982e-01
  48 -7.58865330699717e-01  1.09527303354239e-01 -6.41970479358182e-01
  49 -4.85190126563570e-01  4.72037827520411e-01 -7.36050089336551e-01
  50 -1.30335614159558e-01  7.55569613346236e-01 -6.41970473021757e-01
  51  2.99002671939031e-01  6.07310942197654e-01 -7.36050083049967e-01
  52  6.78313506451853e-01  3.57440385723910e-01 -6.41970481354542e-01
  53  6.69983963148922e-01 -9.66990379294216e-02 -7.36050091770732e-01
  54  5.49556403448352e-01 -5.34659328913231e-01 -6.41970487985660e-01
  55  1.15070182927188e-01 -6.67074287936001e-01 -7.36050099528813e-01
  56 -1.74288479527823e-01 -3.54001231913204e-01 -9.18860921224287e-01
  57 -3.90533395021563e-01  5.63658023794823e-02 -9.18861081050615e-01
  58 -6.70742682023817e-02  3.88837103147420e-01 -9.18860801919115e-01
  59  3.49079404596965e-01  1.83949095933532e-01 -9.18861414682032e-01
  60  2.82816324514303e-01 -2.75150227142308e-01 -9.18860058718810e-01
