  60
   1   5   5  14  15   6   2
   2   5   1   6   7   8   3
   3   5   2   8   9  10   4
   4   5   3  10  11  12   5
   5   5   4  12  13  14   1
   6   5  15  16   7   2   1
   7   5  24  17   8   2   6
   8   5  17   9   3   2   7
   9   5  27  18  10   3   8
  10   5  18  11   4   3   9
  11   5  30  19  12   4  10
  12   5  11  19  13   5   4
  13   5  12  33  20  14   5
  14   5   5  13  20  15   1
  15   5  14  21  16   6   1
  16   5  21  22  23   6  15
  17   5  24  25  26   8   7
  18   5  27  28  29  10   9
  19   5  30  31  32  12  11
  20   5  33  34  35  14  13
  21   5  35  36  22  16  15
  22   5  36  37  23  16  21
  23   5  22  37  38  24  16
  24   5  38  25  17   7  23
  25   5  38  39  26  17  24
  26   5  25  39  40  27  17
  27   5  40  28  18   9  26
  28   5  41  29  18  27  40
  29   5  42  30  18  28  41
  30   5  42  31  19  11  29
  31   5  32  19  30  42  43
  32   5  33  19  31  43  44
  33   5  13  32  44  34  20
  34   5  20  33  44  45  35
  35   5  20  34  45  36  21
  36   5  35  45  46  22  21
  37   5  22  47  48  38  23
  38   5  48  25  24  23  37
  39   5  49  50  40  26  25
  40   5  50  28  27  26  39
  41   5  52  42  29  28  51
  42   5  31  30  29  41  52
  43   5  32  31  53  54  44
  44   5  33  32  43  54  34
  45   5  34  55  46  36  35
  46   5  56  47  36  45  55
  47   5  56  57  48  37  46
  48   5  47  57  49  38  37
  49   5  58  50  39  48  57
  50   5  51  40  39  49  58
  51   5  52  41  50  58  59
  52   5  59  53  42  41  51
  53   5  52  59  60  54  43
  54   5  43  53  60  55  44
  55   5  54  60  56  46  45
  56   5  55  60  57  47  46
  57   5  56  58  49  48  47
  58   5  59  51  50  49  57
  59   5  60  53  52  51  58
  60   5  59  56  55  54  53
  60
   1   5   1   2   3   4   5
   2   5   4   6   7   8   5
   3   5   8   9  10  11   5
   4   5  11  12  13  14   5
   5   5  14  15  16   1   5
   6   5  17  18   6   4   3
   7   5  19  20   7   6  18
   8   5  21   9   8   7  20
   9   5  22  23  10   9  21
  10   5  24  12  11  10  23
  11   5  25  26  13  12  24
  12   5  26  27  15  14  13
  13   5  27  28  29  16  15
  14   5  16  29  30   2   1
  15   5  30  31  17   3   2
  16   5  32  33  18  17  31
  17   5  34  35  21  20  19
  18   5  36  37  24  23  22
  19   5  38  39  27  26  25
  20   5  40  41  30  29  28
  21   5  42  43  32  31  30
  22   5  44  45  33  32  43
  23   5  45  46  47  18  33
  24   5  48  34  19  18  47
  25   5  49  50  35  34  48
  26   5  50  51  52  21  35
  27   5  53  36  22  21  52
  28   5  54  37  36  53  55
  29   5  56  24  37  54  57
  30   5  58  38  25  24  56
  31   5  39  38  58  59  60
  32   5  27  39  60  61  62
  33   5  27  62  63  40  28
  34   5  40  63  64  65  41
  35   5  41  65  66  42  30
  36   5  66  67  44  43  42
  37   5  44  68  69  46  45
  38   5  49  48  47  46  69
  39   5  70  71  51  50  49
  40   5  55  53  52  51  71
  41   5  72  57  54  55  73
  42   5  58  56  57  72  59
  43   5  60  59  74  75  61
  44   5  62  61  75  64  63
  45   5  64  76  67  66  65
  46   5  77  44  67  76  78
  47   5  79  80  68  44  77
  48   5  80  81  49  69  68
  49   5  82  70  49  81  83
  50   5  55  71  70  82  84
  51   5  73  55  84  85  86
  52   5  87  59  72  73  86
  53   5  87  88  89  74  59
  54   5  74  89  90  64  75
  55   5  90  91  78  76  64
  56   5  91  92  79  77  78
  57   5  92  83  81  80  79
  58   5  85  84  82  83  92
  59   5  88  87  86  85  92
  60   5  92  91  90  89  88
  92
   1   3   1   5  14
   2   3   1  14  15
   3   3   1  15   6
   4   3   1   6   2
   5   5   1   2   3   4   5
   6   3   2   6   7
   7   3   2   7   8
   8   3   2   8   3
   9   3   3   8   9
  10   3   3   9  10
  11   3   3  10   4
  12   3   4  10  11
  13   3   4  11  12
  14   3   4  12   5
  15   3   5  12  13
  16   3   5  13  14
  17   3   6  15  16
  18   5   6  16  23  24   7
  19   3   7  24  17
  20   3   7  17   8
  21   5   8  17  26  27   9
  22   3   9  27  18
  23   3   9  18  10
  24   5  10  18  29  30  11
  25   3  11  30  19
  26   3  11  19  12
  27   5  12  19  32  33  13
  28   3  13  33  20
  29   3  13  20  14
  30   5  14  20  35  21  15
  31   3  15  21  16
  32   3  16  21  22
  33   3  16  22  23
  34   3  17  24  25
  35   3  17  25  26
  36   3  18  27  28
  37   3  18  28  29
  38   3  19  30  31
  39   3  19  31  32
  40   3  20  33  34
  41   3  20  34  35
  42   3  21  35  36
  43   3  21  36  22
  44   5  22  36  46  47  37
  45   3  22  37  23
  46   3  23  37  38
  47   3  23  38  24
  48   3  24  38  25
  49   5  25  38  48  49  39
  50   3  25  39  26
  51   3  26  39  40
  52   3  26  40  27
  53   3  27  40  28
  54   3  28  41  29
  55   5  28  40  50  51  41
  56   3  29  42  30
  57   3  29  41  42
  58   3  30  42  31
  59   5  31  42  52  53  43
  60   3  31  43  32
  61   3  32  43  44
  62   3  32  44  33
  63   3  33  44  34
  64   5  34  44  54  55  45
  65   3  34  45  35
  66   3  35  45  36
  67   3  36  45  46
  68   3  37  47  48
  69   3  37  48  38
  70   3  39  49  50
  71   3  39  50  40
  72   3  41  52  42
  73   3  41  51  52
  74   3  43  53  54
  75   3  43  54  44
  76   3  45  55  46
  77   3  46  56  47
  78   3  46  55  56
  79   3  47  56  57
  80   3  47  57  48
  81   3  48  57  49
  82   3  49  58  50
  83   3  49  57  58
  84   3  50  58  51
  85   3  51  58  59
  86   3  51  59  52
  87   3  52  59  53
  88   3  53  59  60
  89   3  53  60  54
  90   3  54  60  55
  91   3  55  60  56
  92   5  56  60  59  58  57
  60
   1 -2.31928373403986e-01 -3.19222026068237e-01  9.18861237220413e-01
   2  2.31928379804499e-01 -3.19222026068237e-01  9.18861237220413e-01
   3  3.75267999517353e-01  1.21931961693057e-01  9.18861237220413e-01
   4  3.23568722093728e-09  3.94580120432229e-01  9.18861237220413e-01
   5 -3.75267993094941e-01  1.21931961760450e-01  9.18861237220413e-01
   6  3.17620919516554e-09 -6.76926467699922e-01  7.36050274554174e-01
   7  4.50671920143217e-01 -6.20296680289295e-01  6.41970638494408e-01
   8  6.43795329771059e-01 -2.09181783650271e-01  7.36050274554174e-01
   9  7.29202482684133e-01  2.36932246387086e-01  6.41970638494408e-01
  10  3.97887396887381e-01  5.47645013276840e-01  7.36050274554174e-01
  11  3.30884992843349e-09  7.66728859317970e-01  6.41970638494408e-01
  12 -3.97887390349608e-01  5.47645013376565e-01  7.36050274554174e-01
  13 -7.29202476139105e-01  2.36932246502002e-01  6.41970638271425e-01
  14 -6.43795323426428e-01 -2.09181783553948e-01  7.36050274531580e-01
  15 -4.50671913798261e-01 -6.20296680122935e-01  6.41970638271425e-01
  16 -1.93123406351725e-01 -9.04255620261434e-01  3.80820922381897e-01
  17  8.00319784127725e-01 -4.63101630804572e-01  3.80820920560020e-01
  18  6.87748240468760e-01  6.18043068954559e-01  3.80820922419919e-01
  19 -3.75267992575146e-01  8.45073250989924e-01  3.80820920693667e-01
  20 -9.19676611181197e-01 -9.57590779954663e-02  3.80820922656718e-01
  21 -6.07196370401693e-01 -7.60956953928726e-01  2.28596873497293e-01
  22 -3.04150691109496e-01 -9.50250655224205e-01 -6.71974779660251e-02
  23  1.38191679454798e-01 -9.88122975754301e-01  6.71974729260272e-02
  24  5.36079073032323e-01 -8.12626699461500e-01  2.28596873595802e-01
  25  8.09754344574759e-01 -5.82908102006321e-01 -6.71974773234491e-02
  26  9.82464370884716e-01 -1.73918698826224e-01  6.71974719036684e-02
  27  9.38511461024328e-01  2.58726031399489e-01  2.28596873003828e-01
  28  8.04606406459227e-01  5.89993637064358e-01 -6.71974766239577e-02
  29  4.69004700260409e-01  8.80635306139228e-01  6.71974729301370e-02
  30  4.39529139794226e-02  9.72528178251170e-01  2.28596873584169e-01
  31 -3.12480236426498e-01  9.47544221755672e-01 -6.71974763183828e-02
  32 -6.92603519943219e-01  7.18181245456629e-01  6.71974711714984e-02
  33 -9.11347061256298e-01  3.42329434275009e-01  2.28596872272289e-01
  34 -9.97729813840292e-01 -4.37910478477534e-03 -6.71974760030343e-02
  35 -8.97057214264802e-01 -4.36774887410020e-01  6.71974731274523e-02
  36 -6.66414720883123e-01 -7.09671991000510e-01 -2.28596878641269e-01
  37  3.65989580234368e-02 -9.23923907319195e-01 -3.80820926304468e-01
  38  4.69004703291903e-01 -8.53098783472420e-01 -2.28596878346075e-01
  39  8.90013537880495e-01 -2.50700512454442e-01 -3.80820925803953e-01
  40  9.56275583298537e-01  1.82427954203376e-01 -2.28596879591703e-01
  41  5.13459663143631e-01  7.68982450723203e-01 -3.80820925802288e-01
  42  1.22006114284064e-01  9.65845465327749e-01 -2.28596880206090e-01
  43 -5.72678004308907e-01  7.25957800667046e-01 -3.80820927138780e-01
  44 -8.80871647231602e-01  4.14497360195972e-01 -2.28596881775498e-01
  45 -8.67394154475413e-01 -3.20315863437493e-01 -3.80820928300977e-01
  46 -5.49556554868732e-01 -5.34659452200485e-01 -6.41970641465497e-01
  47 -1.15070207085969e-01 -6.67074418517459e-01 -7.36050276789979e-01
  48  3.38669039000035e-01 -6.87878219070270e-01 -6.41970638106599e-01
  49  5.98866808282975e-01 -3.15575612865036e-01 -7.36050273363590e-01
  50  7.58865550236591e-01  1.09527329792012e-01 -6.41970632048259e-01
  51  4.85190260952312e-01  4.72037944690242e-01 -7.36050266499015e-01
  52  1.30335674029321e-01  7.55569840234669e-01 -6.41970635654369e-01
  53 -2.99002722481308e-01  6.07311110049946e-01 -7.36050270553814e-01
  54 -6.78313675910166e-01  3.57440491036801e-01 -6.41970639417352e-01
  55 -6.69984127289162e-01 -9.66990563073301e-02 -7.36050274062464e-01
  56 -2.82817172010080e-01 -2.75150704789057e-01 -9.18861229355753e-01
  57  1.74288566738052e-01 -3.54001350613142e-01 -9.18861199833984e-01
  58  3.90533478148327e-01  5.63658341185886e-02 -9.18861221915180e-01
  59  6.70743287620287e-02  3.88837289798106e-01 -9.18861042594060e-01
  60 -3.49079384759411e-01  1.83949058087279e-01 -9.18861429794936e-01
